-0.0000
0.0000
0.0000
0.0001
0.0000
0.0000
0.0001
0.0001
0.0001
0.0001
0.0001
0.0001
0.0001
0.0001
0.0001
0.0001
0.0001
0.0001
0.0001
0.0001
0.0001
0.0001
0.0000
0.0000
0.0000
0.0000
0.0000
0.0000
0.0000
0.0000
0.0000
0.0000
0.0001
0.0001
0.0001
0.0001
0.0001
0.0001
0.0001
0.0001
0.0000
0.0000
0.0000
0.0001
0.0001
0.0001
0.0001
0.0001
0.0001
0.0001
0.0001
0.0001
0.0001
0.0001
0.0001
0.0001
0.0001
0.0001
0.0001
0.0001
0.0001
0.0001
0.0001
0.0001
0.0001
0.0001
0.0002
0.0002
0.0002
0.0002
0.0002
0.0002
0.0002
0.0002
0.0002
0.0002
0.0002
0.0002
0.0002
0.0002
0.0002
0.0002
0.0002
0.0002
0.0002
0.0001
0.0001
0.0001
0.0001
0.0001
0.0001
0.0001
0.0001
0.0001
0.0001
0.0001
0.0001
0.0001
0.0001
0.0002
0.0002
0.0002
0.0002
0.0002
0.0002
0.0002
0.0002
0.0002
0.0002
0.0002
0.0002
0.0001
0.0001
0.0001
0.0002
0.0001
0.0002
0.0001
0.0002
0.0002
0.0002
0.0002
0.0002
0.0002
0.0001
0.0002
0.0002
0.0002
0.0002
0.0001
0.0002
0.0002
0.0002
0.0001
0.0001
0.0001
0.0001
0.0001
0.0001
0.0001
0.0001
0.0001
0.0001
0.0001
0.0001
0.0001
0.0001
0.0001
0.0001
0.0001
0.0001
0.0001
0.0001
0.0001
0.0001
0.0001
0.0001
0.0001
0.0001
0.0001
0.0001
0.0001
0.0001
0.0001
0.0001
0.0001
0.0001
0.0001
0.0001
0.0002
0.0002
0.0002
0.0002
0.0002
0.0002
0.0001
0.0001
0.0001
0.0001
0.0001
0.0001
0.0001
0.0001
0.0001
0.0002
0.0001
0.0001
0.0002
0.0002
0.0001
0.0001
0.0002
0.0002
0.0002
0.0002
0.0002
0.0002
0.0002
0.0002
0.0002
0.0002
0.0002
0.0002
0.0002
0.0002
0.0002
0.0002
0.0002
0.0002
0.0002
0.0002
0.0002
0.0002
0.0002
0.0002
0.0002
0.0002
0.0002
0.0002
0.0002
0.0002
0.0002
0.0002
0.0002
0.0002
0.0002
0.0002
0.0002
0.0002
0.0002
0.0001
0.0001
0.0001
0.0001
0.0001
0.0001
0.0001
0.0001
0.0001
0.0001
0.0001
0.0001
0.0001
0.0002
0.0002
0.0002
0.0002
0.0001
0.0001
0.0001
0.0002
0.0002
0.0002
0.0002
0.0002
0.0002
0.0002
0.0002
0.0002
0.0002
0.0002
0.0002
0.0002
0.0003
0.0003
0.0003
0.0003
0.0003
0.0003
0.0003
0.0003
0.0003
0.0004
0.0004
0.0004
0.0004
0.0004
0.0004
0.0004
0.0004
0.0004
0.0004
0.0004
0.0004
0.0004
0.0004
0.0004
0.0004
0.0004
0.0004
0.0004
0.0004
0.0004
0.0004
0.0004
0.0004
0.0004
0.0004
0.0003
0.0003
0.0003
0.0003
0.0003
0.0002
0.0003
0.0003
0.0003
0.0003
0.0003
0.0003
0.0003
0.0002
0.0002
0.0002
0.0003
0.0002
0.0002
0.0002
0.0002
0.0003
0.0002
0.0003
0.0003
0.0003
0.0003
0.0003
0.0003
0.0003
0.0003
0.0003
0.0003
0.0003
0.0003
0.0003
0.0002
0.0003
0.0002
0.0003
0.0003
0.0003
0.0003
0.0003
0.0003
0.0003
0.0003
0.0003
0.0003
0.0003
0.0003
0.0003
0.0003
0.0003
0.0003
0.0003
0.0004
0.0004
0.0004
0.0004
0.0003
0.0003
0.0003
0.0003
0.0003
0.0003
0.0003
0.0003
0.0004
0.0004
0.0004
0.0004
0.0004
0.0004
0.0004
0.0003
0.0003
0.0004
0.0004
0.0003
0.0004
0.0003
0.0003
0.0003
0.0003
0.0003
0.0003
0.0003
0.0003
0.0003
0.0003
0.0003
0.0003
0.0003
0.0004
0.0004
0.0004
0.0004
0.0004
0.0004
0.0004
0.0004
0.0004
-0.1962
-0.1974
-0.1990
-0.2012
-0.2037
-0.2066
-0.2099
-0.2137
-0.2179
-0.2226
-0.2280
-0.2339
-0.2406
-0.2481
-0.2564
-0.2655
-0.2756
-0.2866
-0.2986
-0.3115
-0.3255
-0.3403
-0.3560
-0.3726
-0.3899
-0.4078
-0.4262
-0.4450
-0.4638
-0.4826
-0.3803
-0.3470
-0.3642
-0.3797
-0.3935
-0.4053
-0.4152
-0.4232
-0.4291
-0.4330
-0.4347
-0.4346
-0.4321
-0.4278
-0.4213
-0.4127
-0.4021
-0.3893
-0.3746
-0.3577
-0.3387
-0.3177
-0.2945
-0.2691
-0.2244
-0.1870
-0.1584
-0.1412
-0.1236
-0.1060
-0.0887
-0.0717
-0.0555
-0.0403
-0.0262
-0.0132
-0.0016
0.0086
0.0174
0.0249
0.0308
0.0353
0.0385
0.0402
0.0406
0.0399
0.0380
0.0351
0.0312
0.0265
0.0210
0.0147
0.0081
0.0012
-0.0065
-0.0138
-0.0215
-0.0291
-0.0364
-0.0436
-0.0500
-0.0562
-0.0612
-0.0656
-0.0687
-0.0707
-0.0712
-0.0700
-0.0670
-0.0621
-0.0546
-0.0422
-0.0282
-0.0175
-0.0097
-0.0045
-0.0018
-0.0011
-0.0019
-0.0030
-0.0040
-0.0046
-0.0054
-0.0065
-0.0078
-0.0092
-0.0112
-0.0132
-0.0156
-0.0178
-0.0206
-0.0230
-0.0257
-0.0281
-0.0296
-0.0277
-0.0250
-0.0227
-0.0201
-0.0171
-0.0150
-0.0122
-0.0105
-0.0081
-0.0066
-0.0053
-0.0038
-0.0030
-0.0021
-0.0013
-0.0010
-0.0004
-0.0002
0.0000
0.0002
0.0002
0.0004
0.0004
0.0004
0.0008
0.0002
0.0009
0.0006
0.0006
0.0006
0.0008
0.0006
0.0006
0.0008
0.0008
0.0006
0.0009
0.0006
0.0009
0.0009
0.0007
0.0007
0.0009
0.0007
0.0007
0.0007
0.0009
0.0004
0.0009
0.0007
0.0005
0.0009
0.0007
0.0005
0.0010
0.0008
0.0008
0.0010
0.0008
0.0008
0.0008
0.0012
0.0008
0.0008
0.0012
0.0008
0.0012
0.0010
0.0010
0.0012
0.0010
0.0012
0.0012
0.0010
0.0015
0.0013
0.0015
0.0013
0.0013
0.0017
0.0015
0.0015
0.0014
0.0017
0.0016
0.0017
0.0016
0.0016
0.0018
0.0020
0.0018
0.0018
0.0022
0.0018
0.0018
0.0026
0.0022
0.0022
0.0027
0.0022
0.0027
0.0027
0.0027
0.0031
0.0031
0.0031
0.0031
0.0035
0.0035
0.0035
0.0039
0.0035
0.0044
0.0040
0.0048
0.0044
0.0048
0.0048
0.0052
0.0053
0.0056
0.0056
0.0065
0.0056
0.0069
0.0065
0.0074
0.0074
0.0078
0.0078
0.0083
0.0091
0.0091
0.0091
0.0104
0.0100
0.0108
0.0108
0.0121
0.0121
0.0125
0.0134
0.0138
0.0143
0.0146
0.0159
0.0159
0.0172
0.0172
0.0189
0.0185
0.0202
0.0211
0.0211
0.0233
0.0233
0.0241
0.0258
0.0267
0.0279
0.0284
0.0301
0.0313
0.0322
0.0339
0.0352
0.0369
0.0373
0.0399
0.0412
0.0429
0.0437
0.0468
0.0476
0.0497
0.0519
0.0536
0.0558
0.0575
0.0601
0.0622
0.0644
0.0666
0.0692
0.0717
0.0739
0.0769
0.0791
0.0821
0.0846
0.0872
0.0907
0.0928
0.0958
0.0993
0.1022
0.1044
0.1082
0.1112
0.1138
0.1177
0.1198
0.1241
0.1267
0.1293
0.1336
0.1357
0.1396
0.1418
0.1457
0.1482
0.1517
0.1538
0.1568
0.1603
0.1620
0.1654
0.1676
0.1702
0.1723
0.1749
0.1761
0.1791
0.1804
0.1826
0.1838
0.1855
0.1864
0.1881
0.1894
0.1898
0.1907
0.1916
0.1916
0.1924
0.1924
0.1929
0.1920
0.1920
0.1920
0.1911
0.1907
0.1894
0.1894
0.1872
0.1868
0.1851
0.1838
0.1825
0.1808
0.1791
0.1774
0.1748
0.1740
0.1714
0.1688
0.1676
0.1650
0.1620
0.1607
0.1581
0.1551
0.1529
0.1503
0.1477
0.1460
0.1422
0.1404
0.1379
0.1348
0.1327
0.1301
0.1271
0.1250
0.1224
0.1194
0.1177
0.1142
0.1125
0.1099
0.1073
0.1052
0.1022
0.1005
0.0980
0.0958
0.0937
0.0915
0.0889
0.0868
0.0851
0.0829
0.0808
0.0786
0.0773
0.0747
0.0730
0.0713
2.2917
-0.2210
-0.1956
-0.1759
-0.1600
-0.1475
-0.1372
-0.1308
-0.1243
-0.1217
-0.1196
-0.1179
-0.1183
-0.1175
-0.1187
-0.1187
-0.1196
-0.1187
-0.1183
-0.1170
-0.1141
-0.1102
-0.1059
-0.0977
-0.0904
-0.0788
-0.0668
-0.0509
-0.0334
-0.0127
0.0101
-0.0380
-0.0569
-0.0428
-0.0265
-0.0067
0.0152
0.0379
0.0632
0.0890
0.1165
0.1448
0.1727
0.2023
0.2307
0.2611
0.2890
0.3186
0.3465
0.3753
0.4014
0.4289
0.4542
0.4782
0.5014
0.4448
0.3817
0.3250
0.3195
0.3113
0.3028
0.2903
0.2779
0.2633
0.2470
0.2303
0.2110
0.1921
0.1715
0.1504
0.1290
0.1067
0.0848
0.0621
0.0393
0.0174
-0.0053
-0.0272
-0.0495
-0.0706
-0.0929
-0.1135
-0.1340
-0.1551
-0.1752
-0.1950
-0.2147
-0.2349
-0.2547
-0.2736
-0.2941
-0.3134
-0.3332
-0.3538
-0.3740
-0.3950
-0.4156
-0.4375
-0.4590
-0.4817
-0.5045
-0.5268
-0.5066
-0.4487
-0.3912
-0.3346
-0.2783
-0.2259
-0.1753
-0.1276
-0.0928
-0.0718
-0.0508
-0.0294
-0.0079
0.0135
0.0354
0.0573
0.0788
0.1010
0.1221
0.1448
0.1658
0.1882
0.2105
0.2272
0.2224
0.2160
0.2066
0.1967
0.1851
0.1727
0.1598
0.1470
0.1328
0.1195
0.1071
0.0933
0.0813
0.0697
0.0585
0.0478
0.0392
0.0298
0.0220
0.0156
0.0087
0.0036
-0.0007
-0.0041
-0.0079
-0.0101
-0.0118
-0.0131
-0.0140
-0.0140
-0.0140
-0.0131
-0.0131
-0.0118
-0.0101
-0.0096
-0.0071
-0.0067
-0.0041
-0.0033
-0.0011
0.0002
0.0019
0.0027
0.0049
0.0057
0.0066
0.0079
0.0092
0.0092
0.0109
0.0104
0.0113
0.0121
0.0113
0.0126
0.0121
0.0117
0.0126
0.0117
0.0117
0.0117
0.0113
0.0109
0.0104
0.0100
0.0100
0.0096
0.0087
0.0087
0.0083
0.0079
0.0074
0.0070
0.0066
0.0066
0.0062
0.0058
0.0053
0.0057
0.0049
0.0044
0.0049
0.0045
0.0045
0.0040
0.0036
0.0040
0.0041
0.0036
0.0036
0.0032
0.0040
0.0028
0.0040
0.0027
0.0036
0.0032
0.0032
0.0032
0.0032
0.0032
0.0027
0.0036
0.0028
0.0032
0.0028
0.0032
0.0032
0.0024
0.0032
0.0032
0.0024
0.0032
0.0023
0.0032
0.0024
0.0028
0.0028
0.0024
0.0024
0.0028
0.0024
0.0028
0.0019
0.0023
0.0027
0.0014
0.0027
0.0019
0.0023
0.0019
0.0023
0.0014
0.0023
0.0018
0.0018
0.0014
0.0022
0.0014
0.0023
0.0010
0.0023
0.0010
0.0023
0.0010
0.0018
0.0014
0.0018
0.0010
0.0018
0.0014
0.0014
0.0014
0.0009
0.0018
0.0010
0.0018
0.0010
0.0014
0.0009
0.0014
0.0014
0.0014
0.0006
0.0019
0.0010
0.0010
0.0015
0.0010
0.0015
0.0010
0.0010
0.0011
0.0015
0.0010
0.0010
0.0010
0.0015
0.0006
0.0014
0.0010
0.0006
0.0015
0.0010
0.0010
0.0006
0.0014
0.0006
0.0015
0.0006
0.0010
0.0010
0.0010
0.0005
0.0014
0.0005
0.0009
0.0005
0.0009
0.0009
0.0010
0.0005
0.0009
0.0009
0.0005
0.0009
0.0005
0.0010
0.0010
0.0006
0.0006
0.0010
0.0011
0.0006
0.0010
0.0006
0.0011
0.0006
0.0010
0.0006
0.0006
0.0010
0.0006
0.0010
0.0006
0.0010
0.0006
0.0006
0.0010
0.0006
0.0006
0.0010
0.0006
0.0010
0.0001
0.0014
0.0002
0.0010
0.0006
0.0006
0.0010
0.0006
0.0006
0.0010
0.0002
0.0010
0.0010
0.0002
0.0010
0.0006
0.0006
0.0011
0.0007
0.0007
0.0007
0.0007
0.0011
0.0007
0.0007
0.0006
0.0011
0.0002
0.0011
0.0006
0.0006
0.0010
0.0002
0.0010
0.0006
0.0006
0.0006
0.0006
0.0011
0.0006
0.0002
0.0010
0.0006
0.0006
0.0010
0.0002
0.0010
0.0002
0.0010
0.0006
0.0006
0.0006
0.0006
0.0011
0.0002
0.0010
0.0002
0.0010
0.0006
0.0006
0.0006
0.0006
0.0006
0.0015
0.1976
0.1980
0.1997
0.2019
0.2049
0.2071
0.2113
0.2139
0.2186
0.2238
0.2285
0.2350
0.2410
0.2491
0.2568
0.2662
0.2761
0.2873
0.2993
0.3122
0.3259
0.3409
0.3568
0.3735
0.3898
0.4091
0.4263
0.4461
0.4646
0.4835
0.3813
0.3474
0.3654
0.3804
0.3946
0.4062
0.4164
0.4237
0.4301
0.4340
0.4362
0.4353
0.4331
0.4289
0.4224
0.4143
0.4032
0.3903
0.3766
0.3586
0.3406
0.3187
0.2964
0.2706
0.2264
0.1883
0.1603
0.1423
0.1252
0.1076
0.0900
0.0732
0.0573
0.0415
0.0273
0.0149
0.0033
-0.0074
-0.0160
-0.0233
-0.0293
-0.0344
-0.0366
-0.0387
-0.0396
-0.0383
-0.0370
-0.0336
-0.0302
-0.0250
-0.0199
-0.0139
-0.0070
0.0003
0.0071
0.0153
0.0226
0.0299
0.0376
0.0449
0.0509
0.0574
0.0621
0.0672
0.0694
0.0719
0.0724
0.0710
0.0680
0.0638
0.0556
0.0432
0.0298
0.0187
0.0105
0.0062
0.0024
0.0028
0.0024
0.0045
0.0049
0.0054
0.0071
0.0075
0.0088
0.0105
0.0122
0.0144
0.0169
0.0191
0.0213
0.0247
0.0264
0.0294
0.0308
0.0286
0.0268
0.0234
0.0208
0.0187
0.0157
0.0140
0.0110
0.0097
0.0076
0.0063
0.0054
0.0037
0.0037
0.0020
0.0024
0.0015
0.0015
0.0007
0.0011
0.0011
0.0002
0.0011
0.0002
0.0006
0.0006
0.0002
0.0002
0.0006
0.0006
-0.0002
0.0007
0.0006
-0.0002
0.0007
0.0003
0.0003
0.0003
0.0008
-0.0001
0.0008
0.0007
-0.0001
0.0008
0.0007
0.0004
0.0004
0.0008
0.0004
0.0008
0.0003
0.0003
0.0012
-0.0001
0.0008
0.0008
0.0004
0.0004
0.0008
0.0003
0.0004
0.0004
0.0008
-0.0001
0.0008
0.0004
0.0002
0.0004
0.0004
0.0002
0.0004
0.0002
0.0004
-0.0000
0.0002
0.0002
0.0003
0.0000
0.0000
0.0003
-0.0001
0.0001
0.0001
-0.0001
-0.0001
-0.0002
-0.0002
-0.0002
-0.0006
-0.0002
-0.0004
-0.0009
-0.0005
-0.0007
-0.0007
-0.0011
-0.0007
-0.0011
-0.0011
-0.0011
-0.0014
-0.0013
-0.0015
-0.0016
-0.0016
-0.0020
-0.0018
-0.0022
-0.0021
-0.0025
-0.0025
-0.0027
-0.0027
-0.0032
-0.0032
-0.0031
-0.0038
-0.0036
-0.0038
-0.0042
-0.0044
-0.0044
-0.0048
-0.0050
-0.0054
-0.0052
-0.0059
-0.0063
-0.0061
-0.0069
-0.0072
-0.0073
-0.0076
-0.0084
-0.0084
-0.0088
-0.0097
-0.0097
-0.0101
-0.0109
-0.0113
-0.0118
-0.0122
-0.0131
-0.0135
-0.0144
-0.0146
-0.0157
-0.0163
-0.0172
-0.0175
-0.0186
-0.0193
-0.0204
-0.0212
-0.0221
-0.0230
-0.0242
-0.0251
-0.0264
-0.0274
-0.0288
-0.0298
-0.0313
-0.0324
-0.0338
-0.0353
-0.0367
-0.0383
-0.0399
-0.0415
-0.0432
-0.0449
-0.0467
-0.0486
-0.0504
-0.0525
-0.0543
-0.0566
-0.0586
-0.0609
-0.0632
-0.0654
-0.0679
-0.0702
-0.0728
-0.0753
-0.0779
-0.0808
-0.0832
-0.0863
-0.0888
-0.0919
-0.0946
-0.0977
-0.1007
-0.1037
-0.1067
-0.1098
-0.1129
-0.1160
-0.1191
-0.1223
-0.1253
-0.1285
-0.1317
-0.1348
-0.1378
-0.1410
-0.1439
-0.1470
-0.1499
-0.1528
-0.1556
-0.1584
-0.1611
-0.1636
-0.1662
-0.1686
-0.1710
-0.1731
-0.1753
-0.1772
-0.1791
-0.1809
-0.1826
-0.1840
-0.1854
-0.1866
-0.1876
-0.1885
-0.1894
-0.1900
-0.1904
-0.1909
-0.1909
-0.1910
-0.1910
-0.1907
-0.1903
-0.1898
-0.1892
-0.1884
-0.1875
-0.1864
-0.1853
-0.1840
-0.1825
-0.1810
-0.1795
-0.1778
-0.1760
-0.1741
-0.1721
-0.1701
-0.1680
-0.1657
-0.1635
-0.1613
-0.1589
-0.1565
-0.1541
-0.1516
-0.1491
-0.1466
-0.1441
-0.1415
-0.1389
-0.1364
-0.1338
-0.1312
-0.1287
-0.1261
-0.1236
-0.1211
-0.1185
-0.1160
-0.1135
-0.1111
-0.1086
-0.1062
-0.1038
-0.1015
-0.0991
-0.0968
-0.0946
-0.0923
-0.0901
-0.0879
-0.0858
-0.0837
-0.0816
-0.0796
-0.0776
-0.0757
-0.0737
-0.0719
-0.0700
-1.7580
0.7845
0.7837
0.7821
0.7799
0.7769
0.7730
0.7683
0.7625
0.7557
0.7477
0.7383
0.7275
0.7150
0.7007
0.6590
0.5688
0.4865
0.4109
0.3406
0.2746
0.2120
0.1518
0.0934
0.0361
-0.0206
-0.0773
-0.1344
-0.1921
-0.2509
-0.3107
-0.2910
-0.2970
-0.3317
-0.3662
-0.3999
-0.4330
-0.4437
-0.4126
-0.3770
-0.3511
-0.3478
-0.3427
-0.3356
-0.3268
-0.3162
-0.3038
-0.2898
-0.2744
-0.2577
-0.2399
-0.2210
-0.2012
-0.1808
-0.1598
-0.1384
-0.1167
-0.0946
-0.0727
-0.0505
-0.0286
-0.0069
0.0148
0.0359
0.0567
0.0771
0.0970
0.1163
0.1350
0.1530
0.1704
0.1869
0.1773
0.1475
0.1181
0.0893
0.0615
0.0353
0.0106
-0.0123
-0.0332
-0.0522
-0.0693
-0.0843
-0.0975
-0.1090
-0.1186
-0.1267
-0.1333
-0.1384
-0.1422
-0.1450
-0.1467
-0.1474
-0.1474
-0.1465
-0.1452
-0.1433
-0.1409
-0.1382
-0.1351
-0.1319
-0.1286
-0.1249
-0.1214
-0.1178
-0.1141
-0.1105
-0.1070
-0.1035
-0.1001
-0.0968
-0.0936
-0.0905
-0.0875
-0.0847
-0.0820
-0.0793
-0.0769
-0.0745
-0.0721
-0.0700
-0.0679
-0.0659
-0.0640
-0.0622
-0.0605
-0.0588
-0.0572
-0.0557
-0.0542
-0.0526
-0.0514
-0.0500
-0.0487
-0.0475
-0.0463
-0.0451
-0.0440
-0.0429
-0.0418
-0.0408
-0.0398
-0.0387
-0.0379
-0.0368
-0.0360
-0.0351
-0.0341
-0.0333
-0.0324
-0.0317
-0.0308
-0.0301
-0.0292
-0.0285
-0.0278
-0.0270
-0.0264
-0.0257
-0.0249
-0.0243
-869.8408
868.9517
