0.7841
0.7841
0.7842
0.7841
0.7841
0.7841
0.7841
0.7841
0.7842
0.7842
0.7841
0.7841
0.7842
0.7842
0.7842
0.7841
0.7841
0.7700
0.6728
0.5878
0.5135
0.4487
0.3920
0.3425
0.2993
0.2614
0.2284
0.1996
0.1744
0.1524
0.1332
0.1163
0.1016
0.0888
0.0776
0.0679
0.0592
0.0517
0.0452
0.0396
0.0345
0.0302
0.0263
0.0230
0.0201
0.0176
0.0153
0.0135
0.0117
0.0102
0.0090
0.0078
0.0068
0.0060
0.0052
0.0045
0.0040
0.0035
0.0030
0.0026
0.0026
0.0020
0.0019
0.0018
0.0014
0.0012
0.0013
0.0009
0.0010
0.0008
0.0006
0.0007
0.0005
0.0004
0.0005
0.0003
0.0004
0.0003
0.0003
0.0001
0.0003
0.0001
0.0003
0.0001
0.0002
0.0001
0.0002
0.0001
0.0001
0.0002
0.0001
0.0002
-0.0001
0.0001
-0.0001
0.0001
0.0000
-0.0001
0.0001
-0.0001
0.0001
-0.0001
0.0001
-0.0002
-0.0000
0.0001
-0.0003
-0.0001
-0.0001
-0.0001
-0.0001
-0.0003
-0.0001
0.0001
-0.0003
-0.0003
0.0001
-0.0001
-0.0004
-0.0002
-0.0004
0.0000
-0.0005
-0.0003
-0.0002
-0.0005
-0.0003
-0.0002
-0.0005
-0.0003
-0.0002
-0.0005
-0.0003
-0.0005
-0.0003
-0.0002
-0.0005
-0.0005
-0.0002
-0.0005
-0.0003
-0.0005
-0.0005
-0.0003
-0.0005
-0.0004
-0.0008
-0.0003
-0.0005
-0.0005
-0.0005
-0.0006
-0.0006
-0.0005
-0.0008
-0.0004
-0.0008
-0.0004
-0.0010
-0.0004
-0.0008
-0.0008
-0.0006
-0.0008
-0.0007
-0.0011
-0.0007
-0.0011
-0.0007
-0.0011
-0.0009
-0.0009
-0.0011
-0.0009
-0.0011
-0.0011
-0.0012
-0.0007
-0.0009
-0.0011
-0.0011
-0.0008
-0.0010
-0.0010
-0.0012
-0.0010
-0.0012
-0.0010
-0.0015
-0.0013
-0.0017
-0.0008
-0.0019
-0.0015
-0.0019
-0.0014
-0.0018
-0.0014
-0.0022
-0.0014
-0.0022
-0.0023
-0.0023
-0.0019
-0.0027
-0.0023
-0.0027
-0.0028
-0.0028
-0.0033
-0.0033
-0.0033
-0.0033
-0.0037
-0.0041
-0.0037
-0.0042
-0.0041
-0.0045
-0.0045
-0.0049
-0.0049
-0.0053
-0.0053
-0.0058
-0.0058
-0.0063
-0.0067
-0.0068
-0.0072
-0.0073
-0.0081
-0.0081
-0.0085
-0.0089
-0.0090
-0.0098
-0.0103
-0.0103
-0.0111
-0.0115
-0.0120
-0.0120
-0.0133
-0.0137
-0.0141
-0.0140
-0.0158
-0.0158
-0.0166
-0.0175
-0.0179
-0.0188
-0.0197
-0.0209
-0.0209
-0.0222
-0.0231
-0.0244
-0.0249
-0.0266
-0.0275
-0.0284
-0.0301
-0.0310
-0.0318
-0.0340
-0.0348
-0.0365
-0.0374
-0.0395
-0.0408
-0.0425
-0.0442
-0.0455
-0.0481
-0.0490
-0.0515
-0.0536
-0.0549
-0.0576
-0.0597
-0.0614
-0.0640
-0.0666
-0.0687
-0.0708
-0.0734
-0.0764
-0.0785
-0.0815
-0.0837
-0.0871
-0.0892
-0.0927
-0.0948
-0.0987
-0.1013
-0.1043
-0.1069
-0.1108
-0.1138
-0.1163
-0.1198
-0.1228
-0.1263
-0.1288
-0.1327
-0.1356
-0.1382
-0.1412
-0.1451
-0.1476
-0.1502
-0.1536
-0.1565
-0.1583
-0.1621
-0.1643
-0.1669
-0.1695
-0.1712
-0.1746
-0.1754
-0.1784
-0.1797
-0.1818
-0.1835
-0.1848
-0.1861
-0.1874
-0.1887
-0.1891
-0.1907
-0.1907
-0.1916
-0.1915
-0.1925
-0.1916
-0.1920
-0.1920
-0.1912
-0.1912
-0.1903
-0.1895
-0.1886
-0.1874
-0.1869
-0.1852
-0.1835
-0.1826
-0.1809
-0.1788
-0.1775
-0.1753
-0.1736
-0.1715
-0.1689
-0.1677
-0.1647
-0.1629
-0.1603
-0.1582
-0.1552
-0.1530
-0.1509
-0.1478
-0.1457
-0.1431
-0.1401
-0.1380
-0.1354
-0.1328
-0.1298
-0.1277
-0.1251
-0.1225
-0.1200
-0.1174
-0.1152
-0.1118
-0.1104
-0.1074
-0.1053
-0.1023
-0.1010
-0.0976
-0.0959
-0.0941
-0.0907
-0.0894
-0.0872
-0.0846
-0.0829
-0.0807
-0.0786
-0.0773
-0.0744
-0.0735
-0.0710
-2.3021
0.2226
0.1985
0.1783
0.1611
0.1487
0.1393
0.1312
0.1265
0.1218
0.1209
0.1183
0.1187
0.1188
0.1184
0.1197
0.1196
0.1192
0.1184
0.1172
0.1146
0.1103
0.1056
0.0983
0.0897
0.0793
0.0660
0.0515
0.0330
0.0127
-0.0108
0.0381
0.0570
0.0424
0.0262
0.0064
-0.0151
-0.0382
-0.0632
-0.0893
-0.1168
-0.1447
-0.1730
-0.2021
-0.2313
-0.2601
-0.2898
-0.3185
-0.3472
-0.3743
-0.4021
-0.4283
-0.4540
-0.4785
-0.5012
-0.4428
-0.3793
-0.3244
-0.3192
-0.3105
-0.3011
-0.2899
-0.2770
-0.2616
-0.2466
-0.2285
-0.2105
-0.1903
-0.1706
-0.1491
-0.1273
-0.1062
-0.0830
-0.0611
-0.0380
-0.0161
0.0062
0.0290
0.0505
0.0724
0.0939
0.1144
0.1359
0.1561
0.1767
0.1960
0.2166
0.2359
0.2557
0.2754
0.2952
0.3149
0.3343
0.3553
0.3755
0.3961
0.4176
0.4386
0.4606
0.4830
0.5061
0.5284
0.5074
0.4494
0.3924
0.3345
0.2795
0.2267
0.1756
0.1289
0.0937
0.0731
0.0520
0.0306
0.0087
-0.0128
-0.0338
-0.0565
-0.0775
-0.0994
-0.1217
-0.1431
-0.1655
-0.1864
-0.2092
-0.2268
-0.2212
-0.2152
-0.2053
-0.1959
-0.1838
-0.1718
-0.1589
-0.1452
-0.1319
-0.1181
-0.1057
-0.0920
-0.0804
-0.0679
-0.0576
-0.0464
-0.0374
-0.0288
-0.0206
-0.0137
-0.0073
-0.0026
0.0026
0.0056
0.0095
0.0121
0.0130
0.0147
0.0156
0.0155
0.0159
0.0146
0.0146
0.0128
0.0119
0.0106
0.0093
0.0071
0.0063
0.0037
0.0028
0.0011
-0.0001
-0.0023
-0.0031
-0.0039
-0.0061
-0.0061
-0.0078
-0.0083
-0.0087
-0.0100
-0.0095
-0.0108
-0.0104
-0.0108
-0.0108
-0.0107
-0.0107
-0.0107
-0.0099
-0.0107
-0.0095
-0.0095
-0.0095
-0.0086
-0.0082
-0.0082
-0.0077
-0.0073
-0.0069
-0.0061
-0.0064
-0.0052
-0.0060
-0.0043
-0.0052
-0.0043
-0.0040
-0.0039
-0.0039
-0.0031
-0.0036
-0.0028
-0.0036
-0.0023
-0.0032
-0.0023
-0.0023
-0.0027
-0.0019
-0.0028
-0.0020
-0.0020
-0.0023
-0.0019
-0.0024
-0.0019
-0.0019
-0.0015
-0.0024
-0.0020
-0.0015
-0.0024
-0.0015
-0.0015
-0.0019
-0.0018
-0.0014
-0.0019
-0.0015
-0.0015
-0.0015
-0.0019
-0.0010
-0.0019
-0.0010
-0.0015
-0.0010
-0.0015
-0.0011
-0.0016
-0.0012
-0.0017
-0.0008
-0.0013
-0.0013
-0.0013
-0.0009
-0.0017
-0.0004
-0.0013
-0.0009
-0.0013
-0.0008
-0.0008
-0.0005
-0.0013
-0.0009
-0.0005
-0.0009
-0.0005
-0.0013
-0.0001
-0.0014
-0.0001
-0.0009
-0.0005
-0.0010
-0.0002
-0.0009
-0.0005
-0.0000
-0.0009
-0.0005
-0.0001
-0.0009
0.0000
-0.0004
-0.0003
0.0000
-0.0005
-0.0005
-0.0001
-0.0005
-0.0006
-0.0001
-0.0001
-0.0006
-0.0001
-0.0001
-0.0005
-0.0001
-0.0006
-0.0002
0.0002
-0.0010
0.0002
-0.0002
-0.0006
0.0002
-0.0006
-0.0002
0.0002
-0.0006
-0.0002
0.0003
-0.0006
0.0002
-0.0007
0.0002
-0.0002
-0.0002
-0.0002
0.0003
-0.0005
0.0003
0.0003
-0.0005
0.0003
-0.0001
-0.0001
0.0003
-0.0002
0.0003
-0.0007
0.0006
-0.0007
0.0001
0.0001
-0.0003
-0.0003
0.0001
-0.0003
0.0001
-0.0003
0.0001
0.0000
-0.0004
-0.0004
0.0000
-0.0004
0.0004
-0.0008
0.0000
-0.0000
-0.0000
-0.0005
-0.0000
-0.0004
-0.0000
-0.0004
0.0005
-0.0004
-0.0003
0.0001
0.0001
0.0000
-0.0004
-0.0001
-0.0001
-0.0004
0.0000
0.0000
-0.0004
0.0000
-0.0000
0.0000
0.0000
-0.0004
0.0000
-0.0005
0.0004
-0.0005
-0.0001
-0.0001
-0.0006
0.0003
-0.0006
-0.0001
-0.0001
-0.0005
0.0004
-0.0005
-0.0001
-0.0004
0.0004
-0.0000
-0.0005
-0.0001
-0.0001
-0.0001
-0.0004
0.0004
-0.0004
0.0004
-0.0004
0.0001
0.0001
-0.0003
0.0006
-0.0002
0.0006
-0.0002
0.0002
0.0003
0.0002
0.0003
-0.0001
0.0008
-0.0001
0.0008
-0.0001
0.0004
0.0004
0.0004
0.0003
0.0003
-0.0009
-0.1958
-0.1975
-0.1987
-0.2009
-0.2039
-0.2060
-0.2099
-0.2138
-0.2172
-0.2227
-0.2275
-0.2334
-0.2403
-0.2481
-0.2557
-0.2652
-0.2751
-0.2859
-0.2987
-0.3112
-0.3245
-0.3404
-0.3558
-0.3721
-0.3893
-0.4078
-0.4258
-0.4447
-0.4641
-0.4821
-0.3804
-0.3470
-0.3641
-0.3799
-0.3932
-0.4052
-0.4156
-0.4233
-0.4294
-0.4328
-0.4353
-0.4344
-0.4327
-0.4275
-0.4219
-0.4130
-0.4022
-0.3898
-0.3752
-0.3581
-0.3391
-0.3182
-0.2954
-0.2692
-0.2258
-0.1872
-0.1589
-0.1416
-0.1241
-0.1064
-0.0888
-0.0716
-0.0566
-0.0398
-0.0269
-0.0132
-0.0016
0.0083
0.0173
0.0246
0.0310
0.0349
0.0384
0.0404
0.0404
0.0395
0.0382
0.0352
0.0310
0.0263
0.0211
0.0151
0.0082
0.0013
-0.0068
-0.0132
-0.0219
-0.0287
-0.0365
-0.0433
-0.0501
-0.0561
-0.0608
-0.0656
-0.0686
-0.0708
-0.0708
-0.0704
-0.0673
-0.0617
-0.0549
-0.0420
-0.0282
-0.0180
-0.0098
-0.0043
-0.0021
-0.0008
-0.0020
-0.0024
-0.0041
-0.0046
-0.0051
-0.0067
-0.0075
-0.0093
-0.0113
-0.0127
-0.0153
-0.0183
-0.0200
-0.0233
-0.0250
-0.0281
-0.0293
-0.0272
-0.0255
-0.0216
-0.0203
-0.0169
-0.0143
-0.0121
-0.0104
-0.0074
-0.0070
-0.0045
-0.0040
-0.0023
-0.0018
-0.0014
-0.0005
-0.0001
0.0003
-0.0001
0.0008
0.0004
0.0012
0.0007
0.0002
0.0012
0.0011
0.0007
0.0008
0.0012
0.0013
0.0008
0.0012
0.0012
0.0008
0.0012
0.0017
0.0008
0.0008
0.0017
0.0009
0.0013
0.0013
0.0009
0.0013
0.0013
0.0009
0.0009
0.0017
0.0009
0.0009
0.0013
0.0009
0.0013
0.0008
0.0012
0.0012
0.0008
0.0008
0.0017
0.0008
0.0013
0.0008
0.0017
0.0008
0.0012
0.0016
0.0008
0.0014
0.0012
0.0013
0.0017
0.0011
0.0017
0.0015
0.0015
0.0015
0.0015
0.0017
0.0016
0.0014
0.0019
0.0017
0.0017
0.0019
0.0020
0.0017
0.0024
0.0018
0.0023
0.0025
0.0021
0.0026
0.0025
0.0025
0.0028
0.0026
0.0030
0.0029
0.0031
0.0030
0.0033
0.0033
0.0036
0.0036
0.0036
0.0040
0.0038
0.0040
0.0044
0.0042
0.0045
0.0044
0.0051
0.0046
0.0053
0.0053
0.0053
0.0057
0.0060
0.0060
0.0063
0.0070
0.0068
0.0072
0.0074
0.0076
0.0083
0.0081
0.0088
0.0090
0.0092
0.0099
0.0099
0.0107
0.0107
0.0114
0.0116
0.0123
0.0125
0.0133
0.0138
0.0142
0.0146
0.0154
0.0160
0.0166
0.0175
0.0180
0.0188
0.0195
0.0203
0.0211
0.0220
0.0226
0.0235
0.0248
0.0255
0.0266
0.0278
0.0286
0.0300
0.0310
0.0324
0.0335
0.0349
0.0361
0.0375
0.0389
0.0406
0.0420
0.0438
0.0454
0.0471
0.0488
0.0509
0.0527
0.0547
0.0567
0.0588
0.0609
0.0630
0.0653
0.0676
0.0699
0.0725
0.0750
0.0776
0.0801
0.0829
0.0855
0.0884
0.0912
0.0940
0.0969
0.1000
0.1028
0.1060
0.1091
0.1121
0.1154
0.1183
0.1215
0.1247
0.1277
0.1309
0.1339
0.1370
0.1401
0.1432
0.1462
0.1492
0.1521
0.1551
0.1578
0.1606
0.1633
0.1660
0.1685
0.1709
0.1733
0.1755
0.1775
0.1796
0.1814
0.1833
0.1849
0.1862
0.1877
0.1889
0.1900
0.1908
0.1916
0.1922
0.1927
0.1931
0.1932
0.1932
0.1932
0.1928
0.1925
0.1920
0.1913
0.1905
0.1896
0.1886
0.1874
0.1861
0.1847
0.1832
0.1816
0.1800
0.1781
0.1761
0.1741
0.1721
0.1699
0.1677
0.1655
0.1632
0.1609
0.1585
0.1561
0.1536
0.1511
0.1485
0.1459
0.1434
0.1409
0.1383
0.1356
0.1331
0.1305
0.1279
0.1254
0.1228
0.1203
0.1178
0.1153
0.1128
0.1104
0.1080
0.1056
0.1032
0.1009
0.0986
0.0963
0.0941
0.0918
0.0896
0.0874
0.0853
0.0833
0.0812
0.0792
0.0773
0.0754
0.0735
0.0717
2.2930
-0.2202
-0.1957
-0.1757
-0.1596
-0.1470
-0.1371
-0.1298
-0.1246
-0.1210
-0.1188
-0.1177
-0.1174
-0.1175
-0.1179
-0.1184
-0.1187
-0.1185
-0.1178
-0.1162
-0.1137
-0.1099
-0.1047
-0.0978
-0.0892
-0.0786
-0.0658
-0.0505
-0.0327
-0.0122
0.0113
-0.0379
-0.0560
-0.0421
-0.0253
-0.0060
0.0155
0.0388
0.0637
0.0899
0.1171
0.1451
0.1737
0.2026
0.2317
0.2609
0.2901
0.3190
0.3474
0.3754
0.4026
0.4291
0.4546
0.4791
0.5023
0.4451
0.3820
0.3261
0.3201
0.3123
0.3027
0.2914
0.2784
0.2638
0.2478
0.2304
0.2119
0.1925
0.1721
0.1511
0.1294
0.1075
0.0852
0.0628
0.0402
0.0178
-0.0046
-0.0268
-0.0487
-0.0704
-0.0919
-0.1129
-0.1338
-0.1543
-0.1746
-0.1946
-0.2145
-0.2343
-0.2539
-0.2736
-0.2933
-0.3131
-0.3329
-0.3530
-0.3734
-0.3941
-0.4153
-0.4368
-0.4587
-0.4810
-0.5036
-0.5266
-0.5061
-0.4484
-0.3906
-0.3337
-0.2783
-0.2251
-0.1746
-0.1272
-0.0924
-0.0713
-0.0502
-0.0289
-0.0074
0.0142
0.0359
0.0577
0.0794
0.1013
0.1231
0.1450
0.1669
0.1888
0.2107
0.2283
0.2233
0.2163
0.2075
0.1972
0.1858
0.1735
0.1605
0.1473
0.1339
0.1205
0.1074
0.0946
0.0822
0.0705
0.0595
0.0492
0.0397
0.0310
0.0231
0.0162
0.0100
0.0047
0.0001
-0.0037
-0.0068
-0.0092
-0.0110
-0.0122
-0.0130
-0.0132
-0.0131
-0.0126
-0.0119
-0.0109
-0.0096
-0.0083
-0.0068
-0.0052
-0.0037
-0.0021
-0.0006
0.0010
0.0025
0.0039
0.0053
0.0065
0.0076
0.0087
0.0096
0.0104
0.0111
0.0117
0.0121
0.0124
0.0127
0.0129
0.0129
0.0130
0.0129
0.0128
0.0126
0.0124
0.0121
0.0117
0.0114
0.0110
0.0107
0.0103
0.0099
0.0095
0.0091
0.0087
0.0084
0.0081
0.0077
0.0074
0.0071
0.0068
0.0065
0.0062
0.0059
0.0057
0.0056
0.0054
0.0053
0.0052
0.0050
0.0049
0.0047
0.0046
0.0045
0.0045
0.0044
0.0044
0.0043
0.0043
0.0042
0.0042
0.0041
0.0041
0.0040
0.0040
0.0040
0.0040
0.0039
0.0039
0.0038
0.0038
0.0038
0.0038
0.0038
0.0037
0.0037
0.0037
0.0036
0.0035
0.0035
0.0035
0.0034
0.0035
0.0034
0.0034
0.0035
0.0034
0.0034
0.0032
0.0031
0.0031
0.0031
0.0030
0.0030
0.0029
0.0029
0.0030
0.0030
0.0029
0.0028
0.0028
0.0027
0.0028
0.0027
0.0027
0.0027
0.0026
0.0026
0.0026
0.0026
0.0026
0.0025
0.0026
0.0025
0.0026
0.0026
0.0026
0.0025
0.0025
0.0024
0.0024
0.0024
0.0024
0.0024
0.0024
0.0024
0.0024
0.0024
0.0024
0.0024
0.0023
0.0024
0.0023
0.0023
0.0024
0.0024
0.0024
0.0023
0.0023
0.0023
0.0022
0.0022
0.0021
0.0022
0.0021
0.0021
0.0021
0.0021
0.0020
0.0020
0.0020
0.0020
0.0019
0.0019
0.0019
0.0019
0.0019
0.0018
0.0018
0.0018
0.0018
0.0017
0.0017
0.0016
0.0017
0.0017
0.0017
0.0016
0.0016
0.0017
0.0015
0.0015
0.0014
0.0015
0.0015
0.0014
0.0015
0.0014
0.0014
0.0014
0.0014
0.0014
0.0013
0.0013
0.0013
0.0012
0.0013
0.0013
0.0012
0.0013
0.0012
0.0013
0.0012
0.0013
0.0013
0.0013
0.0013
0.0013
0.0013
0.0013
0.0014
0.0014
0.0014
0.0014
0.0014
0.0015
0.0015
0.0015
0.0015
0.0015
0.0015
0.0015
0.0014
0.0014
0.0014
0.0014
0.0014
0.0014
0.0014
0.0015
0.0015
0.0015
0.0015
0.0015
0.0015
0.0015
0.0015
0.0015
0.0015
0.0014
0.0014
0.0015
0.0015
0.0015
0.0014
0.0014
0.0015
0.0014
0.0014
0.0014
0.0014
0.0014
0.0014
0.0014
0.0014
0.0014
0.0014
0.0014
0.0013
0.0013
0.0013
0.0013
0.0013
0.0013
0.0013
0.0013
0.0013
0.0013
0.0013
0.0013
0.0012
0.0021
-0.1969
-0.2011
-0.2079
-0.2173
-0.2292
-0.2435
-0.2605
-0.2798
-0.3016
-0.3258
-0.3523
-0.3811
-0.4122
-0.4455
-0.4774
-0.5030
-0.5279
-0.5522
-0.5757
-0.5984
-0.6202
-0.6410
-0.6605
-0.6787
-0.6954
-0.7103
-0.7231
-0.7337
-0.7417
-0.7468
-0.6209
-0.5596
-0.5476
-0.5334
-0.5168
-0.4980
-0.4550
-0.3752
-0.3035
-0.2506
-0.2226
-0.1947
-0.1670
-0.1399
-0.1136
-0.0880
-0.0635
-0.0400
-0.0178
0.0031
0.0230
0.0415
0.0589
0.0750
0.0902
0.1042
0.1172
0.1291
0.1404
0.1510
0.1611
0.1705
0.1797
0.1885
0.1970
0.2058
0.2144
0.2233
0.2324
0.2418
0.2519
0.2534
0.2477
0.2419
0.2361
0.2300
0.2240
0.2181
0.2124
0.2071
0.2021
0.1974
0.1935
0.1899
0.1871
0.1846
0.1826
0.1811
0.1803
0.1795
0.1794
0.1793
0.1797
0.1802
0.1808
0.1818
0.1825
0.1834
0.1842
0.1849
0.1856
0.1862
0.1867
0.1869
0.1871
0.1871
0.1869
0.1867
0.1863
0.1857
0.1848
0.1839
0.1829
0.1816
0.1805
0.1787
0.1773
0.1752
0.1736
0.1713
0.1697
0.1673
0.1652
0.1629
0.1604
0.1581
0.1557
0.1530
0.1507
0.1481
0.1454
0.1427
0.1403
0.1375
0.1351
0.1323
0.1298
0.1271
0.1246
0.1220
0.1194
0.1171
0.1145
0.1119
0.1094
0.1070
0.1046
0.1021
0.0999
0.0977
0.0952
0.0931
0.0909
0.0887
0.0865
0.0844
0.0824
0.0804
0.0783
0.0767
0.0745
1710.6013
-1707.9759
