1.57079727 
1.57079900 
1.57079651 
1.57078794 
1.57079187 
1.57079491 
1.57080442 
1.57081066 
1.57080250 
1.57079988 
1.57080712 
1.57079820 
1.57079308 
1.57081006 
1.57080499 
1.57080394 
1.57080402 
1.57078791 
1.57077784 
1.57079104 
1.57078736 
1.57078593 
1.57078064 
1.57079204 
1.57078249 
1.57079458 
1.57078196 
1.57078385 
1.57079299 
1.57080020 
1.57079268 
1.57079886 
1.57080295 
1.57080732 
1.57080147 
1.57081489 
1.57081899 
1.57082042 
1.57081745 
1.57082377 
1.57082724 
1.57083735 
1.57084679 
1.57084500 
1.57084031 
1.57085600 
1.57086239 
1.57087681 
1.57087523 
1.57088083 
1.57087390 
1.57087673 
1.57087503 
1.57085410 
1.57085594 
1.57084149 
1.57083090 
1.57082108 
1.57082783 
1.57082048 
1.57082870 
1.57083608 
1.57082923 
1.57082990 
1.57082551 
1.57082266 
1.57082071 
1.57082218 
1.57083441 
1.57085054 
1.57084143 
1.57085142 
1.57085785 
1.57086433 
1.57086091 
1.57086866 
1.57087143 
1.57087640 
1.57088266 
1.57088942 
1.57089041 
1.57089854 
1.57089767 
1.57089484 
1.57088496 
1.57087380 
1.57086619 
1.57086288 
1.57085754 
1.57086389 
1.57086345 
1.57087771 
1.57086219 
1.57085295 
1.57085920 
1.57086426 
1.57087071 
1.57084702 
1.57083761 
1.57084370 
1.57084290 
1.57084590 
1.57083910 
1.57084284 
1.57083235 
1.57082529 
1.57083611 
1.57081535 
1.57081387 
1.57079805 
1.57079979 
1.57080482 
1.57082407 
1.57083241 
1.57082862 
1.57083106 
1.57085218 
1.57083342 
1.57082701 
1.57083491 
1.57084898 
1.57086967 
1.57086745 
1.57087598 
1.57088067 
1.57089324 
1.57090154 
1.57088376 
1.57087901 
1.57087547 
1.57085815 
1.57085912 
1.57083372 
1.57083813 
1.57084135 
1.57082482 
1.57082632 
1.57082040 
1.57081878 
1.57081891 
1.57083415 
1.57082757 
1.57083705 
1.57084023 
1.57086042 
1.57086535 
1.57086752 
1.57087032 
1.57085741 
1.57085711 
1.57086256 
1.57085435 
1.57086492 
1.57087877 
1.57087649 
1.57087358 
1.57087719 
1.57088664 
1.57089181 
1.57088526 
1.57088438 
1.57089869 
1.57089275 
1.57089596 
1.57090214 
1.57090987 
1.57090666 
1.57091970 
1.57092309 
1.57091382 
1.57092873 
1.57092835 
1.57092507 
1.57092480 
1.57092703 
1.57093016 
1.57092213 
1.57092328 
1.57090711 
1.57089904 
1.57089203 
1.57088893 
1.57089988 
1.57090393 
1.57089567 
1.57090230 
1.57089863 
1.57088892 
1.57089338 
1.57090729 
1.57090156 
1.57090429 
1.57089613 
1.57088391 
1.57088020 
1.57088181 
1.57088293 
1.57087864 
1.57086449 
1.57086029 
1.57086910 
1.57088691 
1.57088655 
1.57088975 
1.57089630 
1.57089209 
1.57090134 
1.57090475 
1.57089907 
1.57090213 
1.57089744 
1.57090925 
1.57090423 
1.57088958 
1.57090239 
1.57089205 
1.57088727 
1.57089537 
1.57090125 
1.57088503 
1.57088173 
1.57088464 
1.57087469 
1.57085902 
1.57084311 
1.57084080 
1.57083573 
1.57083461 
1.57082151 
1.57082166 
1.57082300 
1.57081742 
1.57081158 
1.57081287 
1.57081818 
1.57081089 
1.57080289 
1.57081632 
1.57083078 
1.57084469 
1.57084252 
1.57085279 
1.57086451 
1.57086097 
1.57087033 
1.57087454 
1.57088059 
1.57088144 
1.57088240 
1.57088804 
1.57089522 
1.57089755 
1.57089350 
1.57088855 
1.57086301 
1.57086393 
1.57086544 
1.57085809 
1.57085278 
1.57086300 
1.57086748 
1.57088057 
1.57087984 
1.57088605 
1.57088407 
1.57088115 
1.57088830 
1.57087648 
1.57088827 
1.57089732 
1.57090619 
1.57091128 
1.57090136 
1.57089686 
1.57089536 
1.57089696 
1.57089084 
1.57089076 
1.57091299 
1.57092217 
1.57091973 
1.57091962 
1.57090667 
1.57089664 
1.57089962 
1.57088535 
1.57088939 
1.57088774 
1.57089762 
1.57089883 
1.57090132 
1.57092266 
1.57091873 
1.57091070 
1.57091389 
1.57091746 
1.57091820 
1.57091771 
1.57090587 
1.57090038 
1.57090838 
1.57092537 
1.57091498 
1.57091568 
1.57092123 
1.57092324 
1.57094264 
1.57094459 
1.57093760 
1.57092310 
1.57091259 
1.57092414 
1.57091932 
1.57090390 
1.57090111 
1.57088591 
1.57087520 
1.57089070 
1.57087617 
1.57088091 
1.57089876 
1.57089171 
1.57090734 
1.57090638 
1.57090370 
1.57089659 
1.57088194 
1.57088875 
1.57089594 
1.57090196 
1.57091015 
1.57090592 
1.57090285 
1.57091232 
1.57091168 
1.57092752 
1.57092104 
1.57090504 
1.57090981 
1.57090666 
1.57090804 
1.57091610 
1.57092745 
1.57092684 
1.57094207 
1.57095116 
1.57095348 
1.57093543 
1.57092526 
1.57091419 
1.57090570 
1.57090731 
1.57091166 
1.57092296 
1.57092260 
1.57091418 
1.57090761 
1.57090416 
1.57091750 
1.57091474 
1.57090700 
1.57090546 
1.57091548 
1.57091468 
1.57091498 
1.57091999 
1.57091326 
1.57091142 
1.57090538 
1.57091414 
1.57091787 
1.57092026 
1.57090681 
1.57091660 
1.57092456 
1.57092484 
1.57091299 
1.57090394 
1.57091720 
1.57092241 
1.57092563 
1.57092031 
1.57091301 
1.57091588 
1.57092153 
1.57092187 
1.57092667 
1.57093113 
1.57093539 
1.57093570 
1.57093820 
1.57095748 
1.57095773 
1.57097376 
1.57097690 
1.57097894 
1.57099012 
1.57099589 
1.57100033 
1.57100957 
1.57101361 
1.57101235 
1.57100361 
1.57101282 
1.57102960 
1.57102201 
1.57102137 
1.57102696 
1.57103007 
1.57103522 
1.57103665 
1.57104123 
1.57048428 
1.56938450 
1.56775334 
1.56558210 
1.56285328 
1.55958147 
1.55578193 
1.55142613 
1.54652000 
1.54106277 
1.53508219 
1.52855178 
1.52146649 
1.51383404 
1.50565988 
1.49696407 
1.48771951 
1.47793040 
1.46758972 
1.45670551 
1.44525715 
1.43327975 
1.42074554 
1.40767814 
1.39405907 
1.37989389 
1.36519262 
1.34994910 
1.33416775 
1.31783307 
1.30132667 
1.28481980 
1.26831495 
1.25182163 
1.23533500 
1.21885291 
1.20235308 
1.18584855 
1.16935185 
1.15283778 
1.13633839 
1.11984365 
1.10334501 
1.08683539 
1.07033851 
1.05383495 
1.03733663 
1.02084743 
1.00434799 
0.98785240 
0.97133504 
0.95485198 
0.93835047 
0.92186050 
0.90536342 
0.88885229 
0.87234521 
0.85584572 
0.83934277 
0.82284062 
0.80634437 
0.78983725 
0.77333451 
0.75684325 
0.74033703 
0.72383714 
0.70733009 
0.69083886 
0.67433921 
0.65783789 
0.64133900 
0.62483737 
0.60833855 
0.59183649 
0.57533670 
0.55883034 
0.54232962 
0.52581941 
0.50933171 
0.49283266 
0.47633063 
0.45983175 
0.44334454 
0.42683820 
0.41034105 
0.39384777 
0.37734053 
0.36083500 
0.34432264 
0.32782514 
0.31130960 
0.29481334 
0.27833358 
0.26182371 
0.24530407 
0.22880334 
0.21228939 
0.19577416 
0.17926317 
0.16275562 
0.14624591 
0.12976034 
0.11327814 
0.09677021 
0.08026262 
0.06376077 
0.04725459 
0.03075793 
0.01426134 
-0.00223920 
-0.01873379 
-0.03524137 
-0.05174666 
-0.06823762 
-0.08474581 
-0.10112710 
-0.11713349 
-0.13260044 
-0.14751818 
-0.16189549 
-0.17570948 
-0.18900427 
-0.20174219 
-0.21394587 
-0.22559641 
-0.23669849 
-0.24727098 
-0.25729277 
-0.26677194 
-0.27570085 
-0.28408366 
-0.29192756 
-0.29923274 
-0.30597272 
-0.31219103 
-0.31784981 
-0.32296335 
-0.32752325 
-0.33153552 
-0.33501161 
-0.33794639 
-0.34033398 
-0.34217266 
-0.34348676 
-0.34425472 
-0.34445723 
-0.34412809 
-0.34324797 
-0.34182114 
-0.33988614 
-0.33739052 
-0.33433169 
-0.33073315 
-0.32658006 
-0.32188876 
-0.31665325 
-0.31087949 
-0.30456273 
-0.29769519 
-0.29028337 
-0.28233075 
-0.27383156 
-0.26478316 
-0.25520775 
-0.24508236 
-0.23440243 
-0.22317876 
-0.21141314 
-0.19910923 
-0.18625446 
-0.17284582 
-0.15889918 
-0.14462904 
-0.13027335 
-0.11603758 
-0.10210101 
-0.08861811 
-0.07567458 
-0.06327071 
-0.05141260 
-0.04007758 
-0.02930780 
-0.01908026 
-0.00939100 
-0.00023633 
0.00834164 
0.01639847 
0.02391647 
0.03088865 
0.03729727 
0.04316357 
0.04849962 
0.05328369 
0.05752103 
0.06121840 
0.06434698 
0.06695136 
0.06901442 
0.07052596 
0.07150013 
0.07192849 
0.07180486 
0.07114344 
0.06995317 
0.06819890 
0.06588753 
0.06304787 
0.05966416 
0.05573840 
0.05125118 
0.04633152 
0.04109322 
0.03565756 
0.03012033 
0.02454986 
0.01903541 
0.01366370 
0.00846040 
0.00350918 
-0.00119171 
-0.00559055 
-0.00966848 
-0.01341419 
-0.01682794 
-0.01989919 
-0.02263966 
-0.02504434 
-0.02712731 
-0.02890682 
-0.03037961 
-0.03156791 
-0.03252033 
-0.03321421 
-0.03369783 
-0.03398363 
-0.03408923 
-0.03404452 
-0.03385305 
-0.03354024 
-0.03311676 
-0.03259763 
-0.03201388 
-0.03135704 
-0.03063389 
-0.02990056 
-0.02914491 
-0.02837313 
-0.02759440 
-0.02679863 
-0.02602411 
-0.02526473 
-0.02452429 
-0.02379931 
-0.02310342 
-0.02242062 
-0.02178041 
-0.02115812 
-0.02057380 
-0.02002428 
-0.01950410 
-0.01902222 
-0.01856032 
-0.01813517 
-0.01771356 
-0.01734545 
-0.01701012 
-0.01669100 
-0.01638512 
-0.01611242 
-0.01585235 
-0.01562334 
-0.01542669 
-0.01522552 
-0.01504408 
-0.01486811 
-0.01472507 
-0.01459280 
-0.01445356 
-0.01434200 
-0.01424236 
-0.01414390 
-0.01405231 
-0.01397740 
-0.01391585 
-0.01385138 
-0.01377830 
-0.01372212 
-0.01368193 
-0.01363878 
-0.01359864 
-0.01357116 
-0.01354002 
-0.01349808 
-0.01346899 
-0.01344271 
-0.01341222 
-0.01338144 
-0.01336880 
-0.01333139 
-0.01331857 
-0.01330874 
-0.01329204 
-0.01327824 
-0.01326990 
-0.01326343 
-0.01325753 
-0.01324151 
-0.01323815 
-0.01321563 
-0.01321298 
-0.01320734 
-0.01320440 
-0.01320287 
-0.01318190 
-0.01318113 
-0.01317088 
-0.01316014 
-0.01314896 
-0.01313995 
-0.01313998 
-0.01313293 
-0.01311256 
-0.01310001 
-0.01309074 
-0.01307370 
-0.01306965 
-0.01306411 
-0.01360737 
-0.01468855 
-0.01632158 
-0.01849832 
-0.02121997 
-0.02448587 
-0.02829914 
-0.03264899 
-0.03755124 
-0.04299501 
-0.04899458 
-0.05552794 
-0.06259780 
-0.07021925 
-0.07838843 
-0.08710032 
-0.09637135 
-0.10616986 
-0.11650741 
-0.12739020 
-0.13882103 
-0.15079578 
-0.16331324 
-0.17637655 
-0.18999305 
-0.20415354 
-0.21887866 
-0.23412542 
-0.24991145 
-0.26624870 
-0.28275800 
-0.29924982 
-0.31576102 
-0.33225327 
-0.34876095 
-0.36526840 
-0.38177137 
-0.39826071 
-0.41475534 
-0.43124709 
-0.44775911 
-0.46425165 
-0.48074425 
-0.49726999 
-0.51376661 
-0.53026164 
-0.54676878 
-0.56326700 
-0.57975423 
-0.59626448 
-0.61276758 
-0.62927036 
-0.64578312 
-0.66227697 
-0.67877641 
-0.69527435 
-0.71175984 
-0.72824412 
-0.74474022 
-0.76125739 
-0.77775339 
-0.79423758 
-0.81072841 
-0.82723807 
-0.84372786 
-0.86022825 
-0.87672307 
-0.89321514 
-0.90972081 
-0.92622672 
-0.94274146 
-0.95923865 
-0.97573371 
-0.99223381 
-1.00873854 
-1.02522801 
-1.04173612 
-1.05823732 
-1.07473753 
-1.09123641 
-1.10772730 
-1.12423314 
-1.14071647 
-1.15721277 
-1.17371144 
-1.19020716 
-1.20671946 
-1.22321415 
-1.23972919 
-1.25621755 
-1.27272028 
-1.28921597 
-1.30573387 
-1.32224734 
-1.33874555 
-1.35524179 
-1.37172223 
-1.38822165 
-1.40474667 
-1.42123019 
-1.43770922 
-1.45421118 
-1.47070235 
-1.48718872 
-1.50369324 
-1.52020386 
-1.53668859 
-1.55318585 
-1.56967845 
-1.58617882 
-1.60267374 
-1.61917050 
-1.63566038 
-1.65215767 
-1.66860924 
-1.68477690 
-1.70039080 
-1.71547292 
-1.73001412 
-1.74399309 
-1.75742015 
-1.77030903 
-1.78266359 
-1.79446589 
-1.80572954 
-1.81644627 
-1.82661977 
-1.83624441 
-1.84532871 
-1.85386306 
-1.86186904 
-1.86931730 
-1.87620701 
-1.88257845 
-1.88839181 
-1.89368602 
-1.89842683 
-1.90261434 
-1.90624798 
-1.90933427 
-1.91190140 
-1.91390972 
-1.91536825 
-1.91629348 
-1.91665918 
-1.91649137 
-1.91577324 
-1.91451224 
-1.91271735 
-1.91037016 
-1.90746573 
-1.90402462 
-1.90004882 
-1.89552488 
-1.89044611 
-1.88483430 
-1.87867931 
-1.87197384 
-1.86472706 
-1.85693296 
-1.84858507 
-1.83970236 
-1.83027447 
-1.82029978 
-1.80977796 
-1.79871657 
-1.78712925 
-1.77497706 
-1.76229626 
-1.74909979 
-1.73565718 
-1.72214353 
-1.70872031 
-1.69550943 
-1.68264400 
-1.67024513 
-1.65835033 
-1.64699729 
-1.63619414 
-1.62593880 
-1.61622523 
-1.60706048 
-1.59843284 
-1.59035859 
-1.58282154 
-1.57582842 
-1.56939232 
-1.56351603 
-1.55815547 
-1.55334624 
-1.54907743 
-1.54536239 
-1.54218582 
-1.53956388 
-1.53748278 
-1.53593655 
-1.53493402 
-1.53442652 
-1.53433386 
-1.53461174 
-1.53519825 
-1.53606337 
-1.53716174 
-1.53843682 
-1.53985567 
-1.54139147 
-1.54301967 
-1.54469900 
-1.54640803 
-1.54815140 
-1.54988374 
-1.55162853 
-1.55334130 
-1.55502518 
-1.55665418 
-1.55823823 
-1.55976996 
-1.56124233 
-1.56263084 
-1.56398762 
-1.56527190 
-1.56648423 
-1.56765220 
-1.56875312 
-1.56979570 
-1.57078792 
-1.57171806 
-1.57257511 
-1.57339172 
-1.57414988 
-1.57485254 
-1.57552942 
-1.57614320 
-1.57672365 
-1.57726642 
-1.57777269 
-1.57822536 
-1.57864890 
-1.57904181 
-1.57942454 
-1.57977598 
-1.58010265 
-1.58040173 
-1.58067043 
-1.58092503 
-1.58116158 
-1.58138665 
-1.58159894 
-1.58178648 
-1.58194393 
-1.58211018 
-1.58225674 
-1.58239579 
-1.58251163 
-1.58262559 
-1.58273371 
-1.58283537 
-1.58291681 
-1.58301381 
-1.58308978 
-1.58316819 
-1.58322986 
-1.58331032 
-1.58337571 
-1.58345086 
-1.58352144 
-1.58406414 
-1.58516193 
-1.58678545 
-1.58894459 
-1.59165651 
-1.59491265 
-1.59872403 
-1.60308199 
-1.60799266 
-1.61342667 
-1.61941993 
-1.62595649 
-1.63302165 
-1.64066968 
-1.64883827 
-1.65756919 
-1.66685554 
-1.67667683 
-1.68701787 
-1.69790278 
-1.70932057 
-1.72129255 
-1.73382477 
-1.74688018 
-1.76048687 
-1.77464276 
-1.78935098 
-1.80458210 
-1.82037289 
-1.83670476 
-1.85321461 
-1.86971696 
-1.88623016 
-1.90272329 
-1.91922165 
-1.93571396 
-1.95220873 
-1.96872076 
-1.98523270 
-2.00174442 
-2.01824060 
-2.03473425 
-2.05123008 
-2.06772432 
-2.08422009 
-2.10073503 
-2.11725133 
-2.13376801 
-2.15028389 
-2.16677755 
-2.18328861 
-2.19980154 
-2.21630482 
-2.23280312 
-2.24929065 
-2.26578853 
-2.28228414 
-2.29877990 
-2.31526751 
-2.33177564 
-2.34827305 
-2.36478255 
-2.38127718 
-2.39777264 
-2.41426983 
-2.43075296 
-2.44723879 
-2.46374932 
-2.48025696 
-2.49675308 
-2.51325026 
-2.52975776 
-2.54625549 
-2.56276741 
-2.57925339 
-2.59576037 
-2.61227768 
-2.62877944 
-2.64528493 
-2.66178317 
-2.67829471 
-2.69479868 
-2.71128782 
-2.72778381 
-2.74428562 
-2.76079120 
-2.77730325 
-2.79380444 
-2.81030722 
-2.82682688 
-2.84332922 
-2.85982405 
-2.87631086 
-2.89280712 
-2.90931973 
-2.92582272 
-2.94231967 
-2.95882346 
-2.97530653 
-2.99179375 
-3.00829690 
-3.02478823 
-3.04128211 
-3.05778526 
-3.07427547 
-3.09078817 
-3.10728982 
-3.12378886 
-3.14030840 
-3.15680259 
-3.17329016 
-3.18978886 
-3.20628896 
-3.22278243 
-3.23925041 
-3.25540496 
-3.27099551 
-3.28604033 
-3.30054902 
-3.31453393 
-3.32797037 
-3.34083812 
-3.35317303 
-3.36496440 
-3.37621427 
-3.38690965 
-3.39707017 
-3.40668512 
-3.41576141 
-3.42427742 
-3.43225999 
-3.43968413 
-3.44657514 
-3.45290780 
-3.45871480 
-3.46396150 
-3.46867255 
-3.47283303 
-3.47645028 
-3.47951306 
-3.48203778 
-3.48402174 
-3.48545216 
-3.48635735 
-3.48671799 
-3.48654620 
-3.48580798 
-3.48451940 
-3.48270403 
-3.48033706 
-3.47741585 
-3.47396320 
-3.46995236 
-3.46540207 
-3.46032778 
-3.45468678 
-3.44849723 
-3.44178832 
-3.43452604 
-3.42671254 
-3.41835351 
-3.40945976 
-3.40001605 
-3.39003962 
-3.37950855 
-3.36842808 
-3.35680260 
-3.34461748 
-3.33188979 
-3.31863185 
-3.30482085 
-3.29056518 
-3.27609162 
-3.26163324 
-3.24739142 
-3.23354126 
-3.22021715 
-3.20745218 
-3.19524326 
-3.18358196 
-3.17245435 
-3.16186648 
-3.15183610 
-3.14233917 
-3.13338694 
-3.12499135 
-3.11712273 
-3.10979085 
-3.10303191 
-3.09679671 
-3.09111163 
-3.08599132 
-3.08140288 
-3.07734510 
-3.07381805 
-3.07085581 
-3.06844954 
-3.06657515 
-3.06524354 
-3.06446078 
-3.06422335 
-3.06453060 
-3.06540389 
-3.06680157 
-3.06873752 
-3.07121843 
-3.07424579 
-3.07781521 
-3.08192223 
-3.08658217 
-3.09177434 
-3.09745259 
-3.10344441 
-3.10962303 
-3.11587894 
-3.12208981 
-3.12819567 
-3.13408066 
-3.13970340 
-3.14500547 
-3.14993913 
-3.15447660 
-3.15857593 
-3.16226615 
-3.16551536 
-3.16834716 
-3.17074056 
-3.17272806 
-3.17431431 
-3.17556344 
-3.17643582 
-3.17699861 
-3.17726186 
-3.17726873 
-3.17703883 
-3.17659371 
-3.17598404 
-3.17521761 
-3.17431786 
-3.17332085 
-3.17224710 
-3.17111985 
-3.16993781 
-3.16873417 
-3.16753999 
-3.16636301 
-3.16519088 
-3.16407756 
-3.16297963 
-3.16193144 
-3.16094040 
-3.16000880 
-3.15914750 
-3.15832481 
-3.15758684 
-3.15692190 
-3.15629068 
-3.15572709 
-3.15521825 
-3.15476407 
-3.15437451 
-3.15401870 
-3.15372590 
-3.15346175 
-3.15322139 
-3.15301218 
-3.15285070 
-3.15268871 
-3.15255213 
-3.15244825 
-3.15235528 
-3.15227510 
-3.15219879 
-3.15213373 
-3.15206318 
-3.15199604 
-3.15193543 
-3.15186259 
-3.15179436 
-3.15172671 
-3.15166517 
-3.15159397 
-3.15150019 
-3.15141039 
-3.15132447 
-3.15122429 
-3.15112902 
-3.15102940 
-3.15091082 
-3.15079110 
-3.15066638 
-3.15054353 
-3.15041759 
-3.15028197 
-3.15015706 
-3.15003139 
-3.14990334 
-3.14977665 
-3.14964563 
-3.14950452 
-3.14936986 
-3.14923898 
-3.14911827 
-3.14898337 
-3.14884144 
-3.14869919 
-3.14858182 
-3.14846833 
-3.14836392 
-3.14824257 
-3.14812398 
-3.14800829 
-3.14788119 
-3.14777992 
-3.14767228 
-3.14756973 
-3.14746559 
-3.14736471 
-3.14727463 
-3.14716578 
-3.14706461 
-3.14698532 
-3.14689825 
-3.14680564 
-3.14671035 
-3.14661883 
-3.14652926 
-3.14643790 
-3.14634387 
-3.14626335 
-3.14620171 
-3.14613038 
-3.14605906 
-3.14597762 
-3.14590311 
-3.14583297 
-3.14575076 
-3.14568876 
-3.14560286 
-3.14553119 
-3.14547069 
-3.14539794 
-3.14534938 
-3.14527543 
-3.14521806 
-3.14515530 
-3.14510245 
-3.14503803 
-3.14497508 
-3.14492564 
-3.14489187 
-3.14484622 
-3.14478351 
-3.14472934 
-3.14468006 
-3.14463206 
-3.14458029 
-3.14452117 
-3.14446035 
-3.14442291 
-3.14437183 
-3.14431673 
-3.14426172 
-3.14420868 
-3.14417687 
-3.14413141 
-3.14409701 
-3.14405995 
-3.14402336 
-3.14397608 
-3.14393198 
-3.14389393 
-3.14387139 
-3.14385235 
-3.14381419 
-3.14377325 
-3.14374365 
-3.14372588 
-3.14368595 
-3.14363596 
-3.14360030 
-3.14357106 
-3.14354147 
-3.14351214 
-3.14348146 
-3.14344703 
-3.14342919 
-3.14340015 
-3.14335163 
-3.14333611 
-3.14329856 
-3.14327100 
-3.14323271 
-3.14319792 
-3.14317445 
-3.14313336 
-3.14311991 
-3.14310247 
-3.14307826 
-3.14305841 
-3.14303502 
-3.14301681 
-3.14299391 
-3.14295523 
-3.14294531 
-3.14293005 
-3.14289551 
-3.14287471 
-3.14286958 
-3.14285198 
-3.14283629 
-3.14282578 
-3.14281369 
-3.14279613 
-3.14278513 
-3.14276716 
-3.14274035 
-3.14271675 
-3.14269160 
-3.14265698 
-3.14263398 
-3.14263080 
-3.14260442 
-3.14258423 
-3.14255613 
-3.14254436 
-3.14251354 
-3.14250604 
-3.14248879 
-3.14247391 
-3.14246999 
-3.14244934 
-3.14243395 
-3.14240959 
-3.14239393 
-3.14239542 
-3.14238047 
-3.14237679 
-3.14237437 
-3.14236105 
-3.14234832 
-3.14233582 
-3.14230742 
-3.14228417 
-3.14228121 
-3.14227370 
-3.14226374 
-3.14224868 
-3.14224142 
-3.14221161 
-3.14219274 
-3.14217201 
-3.14216691 
-3.14215634 
-3.14213220 
-3.14211445 
-3.14212616 
-3.14210032 
-3.14209040 
-3.14207301 
-3.14206098 
-3.14204139 
-3.14203447 
-3.14202834 
-3.14201569 
-3.14200298 
-3.14198961 
-3.14199403 
-3.14198934 
-3.14197645 
-3.14195859 
-3.14196619 
-3.14195725 
-3.14194745 
-3.14193213 
-3.14192470 
-3.14192684 
-3.14190937 
-3.14189361 
-3.14188110 
-3.14187958 
-3.14188523 
-3.14188715 
-3.14188265 
-3.14187278 
-3.14187097 
-3.14188180 
-3.14187927 
-3.14187882 
-3.14186884 
-3.14187758 
-3.14188791 
-3.14188154 
-3.14188003 
-3.14188396 
-3.14188867 
-3.14186659 
-3.14187061 
-3.14186153 
-3.14185069 
-3.14185598 
-3.14186979 
-3.14188207 
-3.14188737 
-3.14186487 
-3.14186559 
-3.14186646 
-3.14183959 
-3.14182898 
-3.14182645 
-3.14182322 
-3.14181757 
-3.14181860 
-3.14179948 
-3.14180193 
-3.14178741 
-3.14178516 
-3.14178768 
-3.14178516 
-3.14177448 
-3.14176262 
-3.14176120 
-3.14175651 
-3.14177442 
-3.14176461 
-3.14176223 
-3.14175461 
-3.14175363 
-3.14173651 
-3.14173582 
-3.14171783 
-3.14172492 
-3.14171778 
-3.14172322 
-3.14171950 
-3.14169897 
-3.14171139 
-3.14172388 
-3.14171863 
-3.14172909 
-3.14172293 
-3.14172001 
-3.14173759 
-3.14173719 
-3.14174085 
-3.14173388 
-3.14173657 
-3.14174923 
-3.14175906 
-3.14175883 
-3.14176719 
-3.14177210 
-3.14176276 
-3.14176252 
-3.14175643 
-3.14173236 
-3.14174226 
-3.14174222 
-3.14173295 
-3.14171930 
-3.14172601 
-3.14172242 
-3.14171750 
-3.14172084 
-3.14171327 
-3.14171244 
-3.14171402 
-3.14170931 
-3.14171840 
-3.14116706 
-3.14008625 
-3.13844289 
-3.13626538 
-3.13354284 
-3.13028246 
-3.12646142 
-3.12210906 
-3.11722263 
-3.11177503 
-3.10577303 
-3.09923379 
-3.09216695 
-3.08454920 
-3.07637959 
-3.06766765 
-3.05842089 
-3.04862632 
-3.03827588 
-3.02738308 
-3.01594278 
-3.00398517 
-2.99145153 
-2.97837163 
-2.96478034 
-2.95061786 
-2.93591435 
-2.92064916 
-2.90486768 
-2.88852000 
-2.87201391 
-2.85552059 
-2.83902924 
-2.82251761 
-2.80602370 
-2.78951733 
-2.77301302 
-2.75651864 
-2.74001148 
-2.72350688 
-2.70701178 
-2.69050655 
-2.67402093 
-2.65752447 
-2.64102675 
-2.62452939 
-2.60803111 
-2.59152422 
-2.57502557 
-2.55852457 
-2.54202485 
-2.52551123 
-2.50901204 
-2.49249765 
-2.47599084 
-2.45949217 
-2.44298513 
-2.42648336 
-2.40997249 
-2.39347476 
-2.37697254 
-2.36046996 
-2.34397270 
-2.32746800 
-2.31098011 
-2.29447151 
-2.27796927 
-2.26146963 
-2.24496819 
-2.22846293 
-2.21195815 
-2.19545788 
-2.17893457 
-2.16243402 
-2.14593016 
-2.12942593 
-2.11291780 
-2.09641756 
-2.07992660 
-2.06343447 
-2.04693462 
-2.03043095 
-2.01391425 
-1.99739265 
-1.98088466 
-1.96439247 
-1.94789717 
-1.93140098 
-1.91490105 
-1.89842119 
-1.88191622 
-1.86541428 
-1.84891618 
-1.83241728 
-1.81590941 
-1.79941984 
-1.78291685 
-1.76640305 
-1.74992140 
-1.73342048 
-1.71692719 
-1.70042221 
-1.68391798 
-1.66743195 
-1.65093961 
-1.63445556 
-1.61795862 
-1.60145744 
-1.58495847 
-1.56846472 
-1.55195950 
-1.53546498 
-1.51896098 
-1.50246291 
-1.48596424 
-1.46956292 
-1.45353164 
-1.43804460 
-1.42310530 
-1.40870411 
-1.39485115 
-1.38151642 
-1.36873082 
-1.35650786 
-1.34481906 
-1.33367577 
-1.32307306 
-1.31300661 
-1.30350747 
-1.29455377 
-1.28614496 
-1.27827534 
-1.27095858 
-1.26416262 
-1.25792117 
-1.25222692 
-1.24707081 
-1.24246013 
-1.23840313 
-1.23487905 
-1.23189748 
-1.22947134 
-1.22757769 
-1.22624921 
-1.22543594 
-1.22517182 
-1.22546276 
-1.22630120 
-1.22768543 
-1.22961130 
-1.23208074 
-1.23509712 
-1.23865769 
-1.24276103 
-1.24742216 
-1.25262105 
-1.25835333 
-1.26463305 
-1.27146305 
-1.27884329 
-1.28675055 
-1.29520367 
-1.30421685 
-1.31377222 
-1.32387165 
-1.33451231 
-1.34569136 
-1.35742882 
-1.36968680 
-1.38250889 
-1.39575540 
-1.40920035 
-1.42268911 
-1.43605772 
-1.44915485 
-1.46190073 
-1.47415379 
-1.48587573 
-1.49704514 
-1.50768221 
-1.51775817 
-1.52730804 
-1.53629621 
-1.54474052 
-1.55264921 
-1.56001046 
-1.56683309 
-1.57310382 
-1.57883533 
-1.58403053 
-1.58868863 
-1.59278026 
-1.59635172 
-1.59937361 
-1.60182568 
-1.60375017 
-1.60512192 
-1.60598083 
-1.60637369 
-1.60636124 
-1.60601075 
-1.60535637 
-1.60445595 
-1.60334641 
-1.60206617 
-1.60063755 
-1.59911108 
-1.59750050 
-1.59584123 
-1.59415459 
-1.59244404 
-1.59074303 
-1.58906491 
-1.58738143 
-1.58574710 
-1.58414659 
-1.58259180 
-1.58110259 
-1.57967223 
-1.57830964 
-1.57701416 
-1.57576153 
-1.57456692 
-1.57343239 
-1.57237031 
-1.57138671 
-1.57044474 
-1.56956694 
-1.56872399 
-1.56794757 
-1.56721846 
-1.56652655 
-1.56588108 
-1.56529260 
-1.56473767 
-1.56422721 
-1.56374273 
-1.56330206 
-1.56288163 
-1.56249274 
-1.56213198 
-1.56180257 
-1.56149660 
-1.56122489 
-1.56095056 
-1.56071473 
-1.56046721 
-1.56025508 
-1.56006429 
-1.55987592 
-1.55971331 
-1.55955560 
-1.55942431 
-1.55927523 
-1.55913896 
-1.55900829 
-1.55888089 
-1.55875411 
-1.55864656 
-1.55857568 
-1.55847397 
-1.55839750 
-1.55833810 
-1.55826888 
-1.55820639 
-1.55814526 
-1.55807953 
-1.55753646 
-1.55644517 
-1.55480681 
-1.55263548 
-1.54991126 
-1.54663741 
-1.54281703 
-1.53846654 
-1.53357076 
-1.52813187 
-1.52214073 
-1.51559999 
-1.50853041 
-1.50090465 
-1.49272195 
-1.48401131 
-1.47476282 
-1.46496403 
-1.45461740 
-1.44372793 
-1.43229860 
-1.42030466 
-1.40778393 
-1.39471833 
-1.38109226 
-1.36691606 
-1.35221827 
-1.33695606 
-1.32116014 
-1.30482198 
-1.28832698 
-1.27182763 
-1.25533144 
-1.23884285 
-1.22234858 
-1.20585203 
-1.18934155 
-1.17283689 
-1.15633428 
-1.13984092 
-1.12335035 
-1.10684546 
-1.09034264 
-1.07383531 
-1.05735153 
-1.04086381 
-1.02435713 
-1.00785877 
-0.99135964 
-0.97486339 
-0.95835888 
-0.94184785 
-0.92534008 
-0.90884510 
-0.89234722 
-0.87585113 
-0.85936766 
-0.84286095 
-0.82635866 
-0.80986697 
-0.79337194 
-0.77686922 
-0.76036977 
-0.74387791 
-0.72737729 
-0.71087776 
-0.69437941 
-0.67787830 
-0.66136258 
-0.64486199 
-0.62836612 
-0.61185267 
-0.59535487 
-0.57885085 
-0.56236139 
-0.54588102 
-0.52939120 
-0.51288680 
-0.49639803 
-0.47991466 
-0.46342312 
-0.44691823 
-0.43043221 
-0.41394014 
-0.39745102 
-0.38096606 
-0.36447326 
-0.34796525 
-0.33146196 
-0.31496363 
-0.29846046 
-0.28195541 
-0.26543347 
-0.24894397 
-0.23244151 
-0.21593397 
-0.19943055 
-0.18290935 
-0.16639654 
-0.14992065 
-0.13343242 
-0.11694394 
-0.10044323 
-0.08395640 
-0.06745363 
-0.05096233 
-0.03447153 
-0.01797319 
-0.00148275 
0.01502169 
0.03152169 
0.04802581 
0.06450768 
0.08101265 
0.09746857 
0.11363037 
0.12925514 
0.14432733 
0.15888181 
0.17286698 
0.18632712 
0.19923891 
0.21159818 
0.22340533 
0.23466802 
0.24539117 
0.25556623 
0.26519096 
0.27428129 
0.28283507 
0.29082650 
0.29828963 
0.30519873 
0.31156220 
0.31738961 
0.32266757 
0.32741238 
0.33160005 
0.33525117 
0.33835048 
0.34090836 
0.34292222 
0.34438852 
0.34530549 
0.34570095 
0.34553457 
0.34481093 
0.34355455 
0.34175422 
0.33941953 
0.33653850 
0.33308983 
0.32911719 
0.32460451 
0.31953931 
0.31391769 
0.30775602 
0.30104025 
0.29378730 
0.28597793 
0.27764572 
0.26875421 
0.25933536 
0.24937291 
0.23886218 
0.22781921 
0.21621503 
0.20407025 
0.19137711 
0.17814987 
0.16437244 
0.15018359 
0.13581808 
0.12150433 
0.10743477 
0.09375279 
0.08061079 
0.06802775 
0.05598485 
0.04449672 
0.03354074 
0.02311809 
0.01324627 
0.00391476 
-0.00487285 
-0.01311793 
-0.02081314 
-0.02795804 
-0.03456478 
-0.04061168 
-0.04611600 
-0.05107541 
-0.05548303 
-0.05937397 
-0.06270526 
-0.06550375 
-0.06774654 
-0.06943902 
-0.07059123 
-0.07119136 
-0.07126806 
-0.07078610 
-0.06975618 
-0.06819847 
-0.06608848 
-0.06341873 
-0.06021832 
-0.05645622 
-0.05216295 
-0.04738926 
-0.04225810 
-0.03687771 
-0.03136122 
-0.02581362 
-0.02029724 
-0.01487429 
-0.00962749 
-0.00459025 
0.00019165 
0.00467840 
0.00885505 
0.01270951 
0.01622483 
0.01938963 
0.02222353 
0.02472390 
0.02690171 
0.02876218 
0.03032313 
0.03160955 
0.03262335 
0.03339917 
0.03393315 
0.03427654 
0.03442748 
0.03442624 
0.03427806 
0.03398918 
0.03360992 
0.03311757 
0.03254343 
0.03190285 
0.03120980 
0.03049723 
0.02974176 
0.02895794 
0.02817852 
0.02739197 
0.02660917 
0.02584168 
0.02508328 
0.02435515 
0.02363868 
0.02295398 
0.02231175 
0.02167762 
0.02106659 
0.02048369 
0.01995192 
0.01946275 
0.01900378 
0.01855437 
0.01813666 
0.01776629 
0.01741248 
0.01708365 
0.01677237 
0.01647991 
0.01623018 
0.01599190 
0.01576507 
0.01556320 
0.01537074 
0.01519808 
0.01502981 
0.01489514 
0.01476366 
0.01465456 
0.01454892 
0.01446668 
0.01437856 
0.01431601 
0.01424382 
0.01417555 
0.01411300 
0.01405775 
0.01400720 
0.01396058 
0.01392519 
0.01388314 
0.01384224 
0.01380152 
0.01377045 
0.01373766 
0.01371187 
0.01369622 
0.01367092 
0.01366374 
0.01363875 
0.01360684 
0.01359600 
0.01357389 
0.01354972 
0.01351008 
0.01349484 
0.01350846 
0.01349609 
0.01349855 
0.01348652 
0.01346864 
0.01345619 
0.01342877 
0.01341778 
0.01339298 
0.01338078 
0.01336690 
0.01336203 
0.01335281 
0.01335724 
0.01334132 
0.01333779 
0.01332820 
0.01331886 
0.01332138 
0.01332099 
0.01332392 
0.01331387 
