0.0000 
0.0000 
0.0000 
0.0000 
0.0000 
0.0000 
0.0000 
0.0000 
0.0000 
0.0000 
0.0000 
0.0000 
0.0000 
0.0000 
0.0000 
0.0000 
0.0000 
0.0000 
0.0000 
0.0000 
0.0000 
0.0000 
0.0000 
0.0000 
0.0000 
0.0000 
0.0000 
0.0000 
0.0000 
0.0000 
0.0000 
0.0000 
0.0000 
0.0000 
0.0000 
0.0000 
0.0000 
0.0000 
0.0000 
0.0000 
0.0000 
0.0000 
0.0000 
0.0000 
0.0000 
0.0000 
0.0000 
0.0000 
0.0000 
0.0000 
0.0000 
0.0000 
0.0000 
0.0000 
0.0000 
0.0000 
0.0000 
0.0000 
0.0000 
0.0000 
0.0000 
0.0000 
0.0000 
0.0000 
0.0000 
0.0000 
0.0000 
0.0000 
0.0000 
0.0000 
0.0000 
0.0000 
0.0000 
0.0000 
0.0000 
0.0000 
0.0000 
0.0000 
0.0000 
0.0000 
0.0000 
0.0000 
0.0000 
0.0000 
0.0000 
0.0000 
0.0000 
0.0000 
0.0000 
0.0000 
0.0000 
0.0000 
0.0000 
0.0000 
0.0000 
0.0000 
0.0000 
0.0000 
0.0000 
0.0000 
0.0000 
0.0000 
0.0000 
0.0000 
0.0000 
0.0000 
0.0000 
0.0000 
0.0000 
0.0000 
0.0000 
0.0000 
0.0000 
0.0000 
0.0000 
0.0000 
0.0000 
0.0000 
0.0000 
0.0000 
0.0000 
0.0000 
0.0000 
0.0000 
0.0000 
0.0000 
0.0000 
0.0000 
0.0000 
0.0000 
0.0000 
0.0000 
0.0000 
0.0000 
0.0000 
0.0000 
0.0000 
0.0000 
0.0000 
0.0000 
0.0000 
0.0000 
0.0000 
0.0000 
0.0000 
0.0000 
0.0000 
0.0000 
0.0000 
0.0000 
0.0000 
0.0000 
0.0000 
0.0000 
0.0000 
0.0000 
0.0000 
0.0000 
0.0000 
0.0000 
0.0000 
0.0000 
0.0000 
0.0000 
0.0000 
0.0000 
0.0000 
0.0000 
0.0000 
0.0000 
0.0000 
0.0000 
0.0000 
0.0000 
0.0000 
0.0000 
0.0000 
0.0000 
0.0000 
0.0000 
0.0000 
0.0000 
0.0000 
0.0000 
0.0000 
0.0000 
0.0000 
0.0000 
0.0000 
0.0000 
0.0000 
0.0000 
0.0000 
0.0000 
0.0000 
0.0000 
0.0000 
0.0000 
0.0000 
0.0000 
0.0000 
0.0000 
0.0000 
0.0000 
0.0000 
0.0000 
0.0000 
0.0000 
0.0000 
0.0000 
0.0000 
0.0000 
0.0000 
0.0000 
0.0000 
0.0000 
0.0000 
0.0000 
0.0000 
0.0000 
0.0000 
0.0000 
0.0000 
0.0000 
0.0000 
0.0000 
0.0000 
0.0000 
0.0000 
0.0000 
0.0000 
0.0000 
0.0000 
0.0000 
0.0000 
0.0000 
0.0000 
0.0000 
0.0000 
0.0000 
0.0000 
0.0000 
0.0000 
0.0000 
0.0000 
0.0000 
0.0000 
0.0000 
0.0000 
0.0000 
0.0000 
0.0000 
0.0000 
0.0000 
0.0000 
0.0000 
0.0000 
0.0000 
0.0000 
0.0000 
0.0000 
0.0000 
0.0000 
0.0000 
0.0000 
0.0000 
0.0000 
0.0000 
0.0000 
0.0000 
0.0000 
0.0000 
0.0000 
0.0000 
0.0000 
0.0000 
0.0000 
0.0000 
0.0000 
-0.0576 
-0.1152 
-0.1728 
-0.2303 
-0.2879 
-0.3455 
-0.4031 
-0.4607 
-0.5183 
-0.5759 
-0.6334 
-0.6910 
-0.7486 
-0.8062 
-0.8638 
-0.9214 
-0.9789 
-1.0365 
-1.0736 
-1.0895 
-1.0870 
-1.0684 
-1.0361 
-0.9924 
-0.9395 
-0.8819 
-0.8243 
-0.7667 
-0.7091 
-0.6515 
-0.5940 
-0.5364 
-0.4788 
-0.4212 
-0.3636 
-0.3060 
-0.2484 
-0.1909 
-0.1333 
-0.0757 
-0.0238 
0.0213 
0.0598 
0.0921 
0.1186 
0.1397 
0.1558 
0.1675 
0.1750 
0.1789 
0.1797 
0.1778 
0.1735 
0.1674 
0.1596 
0.1507 
0.1408 
0.1303 
0.1194 
0.1084 
0.0974 
0.0865 
0.0760 
0.0659 
0.0564 
0.0474 
0.0391 
0.0315 
0.0246 
0.0184 
0.0129 
0.0081 
0.0039 
0.0004 
-0.0026 
-0.0050 
-0.0069 
-0.0083 
-0.0093 
-0.0099 
-0.0101 
-0.0101 
-0.0099 
-0.0094 
-0.0087 
-0.0080 
-0.0071 
-0.0061 
-0.0051 
-0.0040 
-0.0029 
-0.0018 
-0.0008 
0.0002 
0.0012 
0.0021 
0.0030 
0.0038 
0.0045 
0.0052 
0.0058 
0.0063 
0.0068 
0.0072 
0.0076 
0.0079 
0.0081 
0.0083 
0.0085 
0.0086 
0.0087 
0.0087 
0.0087 
0.0087 
0.0087 
0.0086 
0.0086 
0.0085 
0.0084 
0.0083 
0.0082 
0.0081 
0.0080 
0.0079 
0.0078 
0.0078 
0.0077 
0.0076 
0.0075 
0.0074 
0.0074 
0.0073 
0.0072 
0.0072 
0.0071 
0.0071 
0.0071 
0.0070 
0.0070 
0.0070 
0.0070 
0.0070 
0.0069 
0.0069 
0.0069 
0.0069 
0.0069 
0.0069 
0.0069 
0.0069 
0.0069 
0.0069 
0.0069 
0.0069 
0.0069 
0.0069 
0.0069 
0.0069 
0.0069 
0.0069 
0.0069 
0.0069 
0.0069 
0.0069 
0.0069 
0.0069 
0.0069 
0.0069 
0.0069 
0.0069 
0.0069 
0.0069 
0.0069 
0.0069 
0.0069 
0.0069 
0.0069 
0.0069 
0.0069 
0.0068 
0.0068 
0.0068 
0.0068 
0.0068 
0.0068 
0.0068 
0.0068 
0.0068 
0.0067 
0.0067 
0.0067 
0.0067 
0.0067 
0.0067 
0.0067 
0.0067 
0.0066 
0.0066 
0.0066 
0.0066 
0.0066 
0.0066 
0.0066 
0.0066 
0.0065 
0.0065 
0.0065 
0.0065 
0.0065 
0.0065 
0.0065 
0.0064 
0.0064 
0.0064 
0.0064 
0.0064 
0.0064 
0.0063 
0.0063 
0.0063 
0.0063 
0.0063 
0.0063 
0.0062 
0.0062 
0.0062 
0.0062 
0.0062 
0.0062 
0.0061 
0.0061 
0.0061 
0.0061 
0.0061 
0.0060 
0.0060 
0.0060 
0.0060 
0.0060 
0.0060 
0.0059 
0.0059 
0.0059 
0.0059 
0.0059 
0.0058 
0.0058 
0.0058 
0.0058 
0.0058 
0.0057 
0.0057 
0.0057 
0.0057 
0.0056 
0.0056 
0.0056 
0.0056 
0.0056 
0.0055 
0.0055 
0.0055 
0.0055 
0.0054 
0.0054 
0.0054 
0.0054 
0.0053 
0.0053 
0.0053 
0.0053 
0.0053 
0.0052 
0.0052 
0.0052 
0.0052 
0.0051 
0.0051 
0.0051 
0.0051 
0.0050 
0.0050 
0.0050 
0.0050 
0.0049 
0.0049 
0.0049 
0.0048 
0.0048 
0.0048 
0.0048 
0.0047 
0.0047 
0.0047 
0.0047 
0.0046 
0.0046 
0.0046 
0.0046 
0.0045 
0.0045 
0.0045 
0.0044 
0.0044 
0.0044 
0.0044 
0.0043 
0.0043 
0.0043 
0.0042 
0.0042 
0.0042 
0.0042 
0.0041 
0.0041 
0.0041 
0.0040 
0.0040 
0.0040 
0.0040 
0.0039 
0.0039 
0.0039 
0.0038 
0.0038 
0.0038 
0.0038 
0.0037 
0.0037 
0.0037 
0.0036 
0.0036 
0.0036 
0.0035 
0.0035 
0.0035 
0.0035 
0.0034 
0.0034 
0.0034 
0.0033 
0.0033 
0.0033 
0.0032 
0.0032 
0.0032 
0.0032 
0.0031 
0.0031 
0.0031 
0.0030 
0.0030 
0.0030 
0.0029 
0.0029 
0.0029 
0.0028 
0.0028 
0.0028 
0.0028 
0.0027 
0.0027 
0.0027 
0.0026 
0.0026 
0.0026 
0.0025 
0.0025 
0.0025 
0.0025 
0.0024 
0.0024 
0.0024 
0.0023 
0.0023 
0.0023 
0.0022 
0.0022 
0.0022 
0.0022 
0.0021 
0.0021 
0.0021 
0.0020 
0.0020 
0.0020 
0.0020 
0.0019 
0.0019 
0.0019 
0.0018 
0.0018 
0.0018 
0.0018 
0.0017 
0.0017 
0.0017 
0.0016 
0.0016 
0.0016 
0.0016 
0.0015 
0.0015 
0.0015 
0.0015 
0.0014 
-0.0576 
-0.1152 
-0.1728 
-0.2303 
-0.2879 
-0.3455 
-0.4031 
-0.4607 
-0.5183 
-0.5759 
-0.6334 
-0.6910 
-0.7486 
-0.8062 
-0.8638 
-0.9214 
-0.9789 
-1.0365 
-1.0941 
-1.1517 
-1.2093 
-1.2669 
-1.3245 
-1.3820 
-1.4396 
-1.4972 
-1.5548 
-1.6124 
-1.6700 
-1.7276 
-1.7450 
-1.7450 
-1.7450 
-1.7450 
-1.7450 
-1.7450 
-1.7450 
-1.7450 
-1.7450 
-1.7450 
-1.7450 
-1.7450 
-1.7450 
-1.7450 
-1.7354 
-1.7072 
-1.6624 
-1.6048 
-1.5472 
-1.4897 
-1.4321 
-1.3745 
-1.3169 
-1.2593 
-1.2017 
-1.1441 
-1.0866 
-1.0290 
-0.9714 
-0.9138 
-0.8562 
-0.7986 
-0.7411 
-0.6835 
-0.6259 
-0.5683 
-0.5107 
-0.4531 
-0.3955 
-0.3380 
-0.2804 
-0.2228 
-0.1652 
-0.1076 
-0.0500 
0.0076 
0.0651 
0.1227 
0.1803 
0.2379 
0.2955 
0.3531 
0.4106 
0.4682 
0.5258 
0.5773 
0.6134 
0.6356 
0.6455 
0.6445 
0.6342 
0.6160 
0.5911 
0.5608 
0.5264 
0.4888 
0.4491 
0.4081 
0.3666 
0.3253 
0.2847 
0.2454 
0.2077 
0.1720 
0.1385 
0.1075 
0.0789 
0.0529 
0.0295 
0.0087 
-0.0096 
-0.0254 
-0.0389 
-0.0502 
-0.0595 
-0.0668 
-0.0724 
-0.0764 
-0.0790 
-0.0803 
-0.0805 
-0.0797 
-0.0782 
-0.0759 
-0.0731 
-0.0698 
-0.0662 
-0.0623 
-0.0583 
-0.0543 
-0.0502 
-0.0462 
-0.0422 
-0.0385 
-0.0348 
-0.0314 
-0.0282 
-0.0253 
-0.0226 
-0.0201 
-0.0179 
-0.0159 
-0.0142 
-0.0127 
-0.0114 
-0.0103 
-0.0094 
-0.0087 
-0.0081 
-0.0077 
-0.0074 
-0.0073 
-0.0072 
-0.0072 
-0.0073 
-0.0075 
-0.0077 
-0.0079 
-0.0082 
-0.0085 
-0.0089 
-0.0092 
-0.0095 
-0.0098 
-0.0102 
-0.0105 
-0.0108 
-0.0110 
-0.0113 
-0.0115 
-0.0117 
-0.0119 
-0.0121 
-0.0122 
-0.0123 
-0.0124 
-0.0125 
-0.0126 
-0.0126 
-0.0127 
-0.0127 
-0.0127 
-0.0127 
-0.0126 
-0.0126 
-0.0126 
-0.0125 
-0.0125 
-0.0124 
-0.0123 
-0.0123 
-0.0122 
-0.0121 
-0.0121 
-0.0120 
-0.0119 
-0.0118 
-0.0118 
-0.0117 
-0.0116 
-0.0116 
-0.0115 
-0.0114 
-0.0114 
-0.0113 
-0.0112 
-0.0112 
-0.0111 
-0.0111 
-0.0110 
-0.0110 
-0.0109 
-0.0109 
-0.0108 
-0.0108 
-0.0107 
-0.0107 
-0.0106 
-0.0106 
-0.0106 
-0.0105 
-0.0105 
-0.0104 
-0.0104 
-0.0104 
-0.0103 
-0.0103 
-0.0102 
-0.0102 
-0.0102 
-0.0101 
-0.0101 
-0.0100 
-0.0100 
-0.0100 
-0.0099 
-0.0099 
-0.0099 
-0.0098 
-0.0098 
-0.0097 
-0.0097 
-0.0097 
-0.0096 
-0.0096 
-0.0095 
-0.0095 
-0.0095 
-0.0094 
-0.0094 
-0.0093 
-0.0093 
-0.0093 
-0.0092 
-0.0092 
-0.0091 
-0.0091 
-0.0091 
-0.0090 
-0.0090 
-0.0089 
-0.0089 
-0.0089 
-0.0088 
-0.0088 
-0.0087 
-0.0087 
-0.0086 
-0.0086 
-0.0086 
-0.0085 
-0.0085 
-0.0084 
-0.0084 
-0.0084 
-0.0083 
-0.0083 
-0.0082 
-0.0082 
-0.0082 
-0.0081 
-0.0081 
-0.0080 
-0.0080 
-0.0080 
-0.0079 
-0.0079 
-0.0079 
-0.0078 
-0.0078 
-0.0077 
-0.0077 
-0.0077 
-0.0076 
-0.0076 
-0.0075 
-0.0075 
-0.0075 
-0.0074 
-0.0074 
-0.0073 
-0.0073 
-0.0073 
-0.0072 
-0.0072 
-0.0071 
-0.0071 
-0.0071 
-0.0070 
-0.0070 
-0.0069 
-0.0069 
-0.0069 
-0.0068 
-0.0068 
-0.0068 
-0.0067 
-0.0067 
-0.0066 
-0.0066 
-0.0066 
-0.0065 
-0.0065 
-0.0064 
-0.0064 
-0.0064 
-0.0063 
-0.0063 
-0.0063 
-0.0062 
-0.0062 
-0.0061 
-0.0061 
-0.0061 
-0.0060 
-0.0060 
-0.0059 
-0.0059 
-0.0059 
-0.0058 
-0.0058 
-0.0058 
-0.0057 
-0.0057 
-0.0056 
-0.0056 
-0.0056 
-0.0055 
-0.0055 
-0.0055 
-0.0054 
-0.0054 
-0.0053 
-0.0053 
-0.0053 
-0.0052 
-0.0052 
-0.0052 
-0.0051 
-0.0051 
-0.0050 
-0.0050 
-0.0050 
-0.0049 
-0.0049 
-0.0049 
-0.0048 
-0.0048 
-0.0047 
-0.0047 
-0.0047 
-0.0046 
-0.0046 
-0.0046 
-0.0045 
-0.0045 
-0.0045 
-0.0044 
-0.0044 
-0.0043 
-0.0043 
-0.0043 
-0.0042 
-0.0042 
-0.0042 
-0.0041 
-0.0041 
-0.0041 
-0.0040 
-0.0040 
-0.0039 
-0.0039 
-0.0039 
-0.0038 
-0.0038 
-0.0038 
-0.0037 
-0.0037 
-0.0037 
-0.0036 
-0.0036 
-0.0036 
-0.0035 
-0.0035 
-0.0035 
-0.0034 
-0.0034 
-0.0034 
-0.0033 
-0.0033 
-0.0032 
-0.0032 
-0.0032 
-0.0031 
-0.0031 
-0.0031 
-0.0030 
-0.0030 
-0.0030 
-0.0029 
-0.0029 
-0.0029 
-0.0028 
-0.0028 
-0.0028 
-0.0027 
-0.0027 
-0.0027 
-0.0026 
-0.0026 
-0.0026 
-0.0026 
-0.0025 
-0.0025 
-0.0025 
-0.0024 
-0.0024 
-0.0024 
-0.0023 
-0.0023 
-0.0023 
-0.0022 
-0.0022 
-0.0022 
-0.0021 
-0.0021 
-0.0021 
-0.0020 
-0.0020 
-0.0020 
-0.0020 
-0.0019 
-0.0019 
-0.0019 
-0.0018 
-0.0018 
-0.0018 
-0.0018 
-0.0017 
-0.0017 
-0.0017 
-0.0016 
-0.0016 
-0.0016 
-0.0016 
-0.0015 
-0.0015 
-0.0015 
-0.0014 
-0.0014 
-0.0014 
-0.0014 
-0.0013 
-0.0013 
-0.0013 
-0.0013 
-0.0012 
-0.0012 
-0.0576 
-0.1152 
-0.1728 
-0.2303 
-0.2879 
-0.3455 
-0.4031 
-0.4607 
-0.5183 
-0.5759 
-0.6334 
-0.6910 
-0.7486 
-0.8062 
-0.8638 
-0.9214 
-0.9789 
-1.0365 
-1.0941 
-1.1517 
-1.2093 
-1.2669 
-1.3245 
-1.3820 
-1.4370 
-1.4746 
-1.4965 
-1.5041 
-1.4987 
-1.4815 
-1.4538 
-1.4168 
-1.3717 
-1.3196 
-1.2620 
-1.2045 
-1.1469 
-1.0893 
-1.0317 
-0.9741 
-0.9165 
-0.8589 
-0.8014 
-0.7438 
-0.6862 
-0.6286 
-0.5710 
-0.5134 
-0.4558 
-0.3983 
-0.3407 
-0.2831 
-0.2255 
-0.1682 
-0.1172 
-0.0720 
-0.0324 
0.0020 
0.0315 
0.0565 
0.0773 
0.0943 
0.1079 
0.1183 
0.1260 
0.1311 
0.1341 
0.1351 
0.1345 
0.1325 
0.1293 
0.1250 
0.1200 
0.1143 
0.1082 
0.1017 
0.0949 
0.0880 
0.0811 
0.0742 
0.0675 
0.0609 
0.0545 
0.0483 
0.0425 
0.0369 
0.0316 
0.0267 
0.0221 
0.0179 
0.0139 
0.0103 
0.0070 
0.0040 
0.0013 
-0.0011 
-0.0033 
-0.0052 
-0.0068 
-0.0083 
-0.0095 
-0.0106 
-0.0115 
-0.0122 
-0.0128 
-0.0133 
-0.0137 
-0.0139 
-0.0141 
-0.0141 
-0.0142 
-0.0141 
-0.0140 
-0.0138 
-0.0137 
-0.0134 
-0.0132 
-0.0129 
-0.0127 
-0.0124 
-0.0121 
-0.0118 
-0.0115 
-0.0112 
-0.0109 
-0.0106 
-0.0103 
-0.0100 
-0.0098 
-0.0095 
-0.0093 
-0.0090 
-0.0088 
-0.0086 
-0.0084 
-0.0082 
-0.0080 
-0.0078 
-0.0076 
-0.0075 
-0.0073 
-0.0072 
-0.0070 
-0.0069 
-0.0068 
-0.0067 
-0.0066 
-0.0065 
-0.0064 
-0.0063 
-0.0062 
-0.0061 
-0.0060 
-0.0060 
-0.0059 
-0.0058 
-0.0058 
-0.0057 
-0.0056 
-0.0056 
-0.0055 
-0.0055 
-0.0054 
-0.0054 
-0.0053 
-0.0052 
-0.0052 
-0.0051 
-0.0051 
-0.0050 
-0.0050 
-0.0049 
-0.0049 
-0.0048 
-0.0048 
-0.0047 
-0.0047 
-0.0046 
-0.0046 
-0.0046 
-0.0045 
-0.0045 
-0.0044 
-0.0044 
-0.0043 
-0.0043 
-0.0042 
-0.0042 
-0.0041 
-0.0041 
-0.0040 
-0.0040 
-0.0039 
-0.0039 
-0.0038 
-0.0038 
-0.0037 
-0.0037 
-0.0036 
-0.0036 
-0.0035 
-0.0035 
-0.0034 
-0.0034 
-0.0034 
-0.0033 
-0.0033 
-0.0032 
-0.0032 
-0.0031 
-0.0031 
-0.0030 
-0.0030 
-0.0029 
-0.0029 
-0.0028 
-0.0028 
-0.0028 
-0.0027 
-0.0027 
-0.0026 
-0.0026 
-0.0025 
-0.0025 
-0.0024 
-0.0024 
-0.0024 
-0.0023 
-0.0023 
-0.0022 
-0.0022 
-0.0022 
-0.0021 
-0.0021 
-0.0020 
-0.0020 
-0.0019 
