1.5708
1.5708
1.5708
1.5708
1.5708
1.5708
1.5708
1.5708
1.5708
1.5708
1.5708
1.5708
1.5708
1.5708
1.5708
1.5708
1.5708
1.5708
1.5708
1.5708
1.5708
1.5708
1.5708
1.5708
1.5708
1.5708
1.5708
1.5708
1.5708
1.5708
1.5708
1.5708
1.5708
1.5708
1.5708
1.5708
1.5708
1.5708
1.5708
1.5708
1.5708
1.5709
1.5709
1.5709
1.5709
1.5709
1.5709
1.5709
1.5709
1.5709
1.5709
1.5709
1.5709
1.5709
1.5709
1.5709
1.5709
1.5709
1.5709
1.5709
1.5709
1.5709
1.5709
1.5709
1.5709
1.5709
1.5709
1.5709
1.5709
1.5709
1.5709
1.5709
1.5709
1.5709
1.5710
1.5710
1.5710
1.5710
1.5710
1.5710
1.5710
1.5710
1.5710
1.5710
1.5710
1.5710
1.5710
1.5710
1.5710
1.5710
1.5710
1.5710
1.5710
1.5710
1.5710
1.5710
1.5710
1.5710
1.5711
1.5711
1.5711
1.5711
1.5711
1.5711
1.5711
1.5711
1.5711
1.5711
1.5711
1.5711
1.5711
1.5711
1.5711
1.5711
1.5711
1.5711
1.5711
1.5711
1.5712
1.5712
1.5712
1.5712
1.5712
1.5712
1.5712
1.5712
1.5712
1.5712
1.5712
1.5712
1.5712
1.5712
1.5712
1.5712
1.5712
1.5713
1.5713
1.5713
1.5713
1.5713
1.5713
1.5713
1.5713
1.5713
1.5713
1.5713
1.5713
1.5713
1.5713
1.5713
1.5713
1.5713
1.5713
1.5714
1.5714
1.5714
1.5714
1.5714
1.5714
1.5714
1.5714
1.5714
1.5714
1.5714
1.5714
1.5714
1.5714
1.5714
1.5714
1.5714
1.5714
1.5714
1.5714
1.5715
1.5715
1.5715
1.5715
1.5715
1.5715
1.5715
1.5715
1.5715
1.5715
1.5715
1.5715
1.5715
1.5715
1.5715
1.5715
1.5715
1.5715
1.5715
1.5716
1.5716
1.5716
1.5716
1.5716
1.5716
1.5716
1.5716
1.5716
1.5716
1.5716
1.5716
1.5716
1.5716
1.5716
1.5716
1.5716
1.5716
1.5717
1.5717
1.5717
1.5717
1.5717
1.5717
1.5717
1.5717
1.5717
1.5717
1.5717
1.5717
1.5717
1.5717
1.5718
1.5718
1.5718
1.5718
1.5718
1.5718
1.5718
1.5718
1.5718
1.5718
1.5718
1.5718
1.5719
1.5719
1.5719
1.5719
1.5719
1.5719
1.5719
1.5719
1.5719
1.5719
1.5719
1.5720
1.5720
1.5720
1.5720
1.5720
1.5720
1.5720
1.5720
1.5720
1.5720
1.5721
1.5721
1.5721
1.5721
1.5721
1.5721
1.5721
1.5721
1.5721
1.5722
1.5722
1.5722
1.5722
1.5722
1.5722
1.5722
1.5722
1.5722
1.5722
1.5723
1.5723
1.5723
1.5723
1.5723
1.5723
1.5723
1.5723
1.5723
1.5723
1.5724
1.5724
1.5724
1.5724
1.5724
1.5724
1.5724
1.5724
1.5724
1.5724
1.5725
1.5725
1.5725
1.5725
1.5725
1.5725
1.5725
1.5725
1.5725
1.5725
1.5726
1.5726
1.5726
1.5726
1.5726
1.5726
1.5726
1.5726
1.5726
1.5726
1.5727
1.5727
1.5727
1.5727
1.5727
1.5727
1.5727
1.5727
1.5727
1.5727
1.5728
1.5728
1.5728
1.5728
1.5728
1.5728
1.5728
1.5728
1.5728
1.5728
1.5728
1.5729
1.5729
1.5729
1.5729
1.5729
1.5729
1.5729
1.5729
1.5729
1.5729
1.5729
1.5730
1.5730
1.5730
1.5730
1.5730
1.5730
1.5730
1.5730
1.5730
1.5730
1.5730
1.5731
1.5731
1.5731
1.5731
1.5731
1.5731
1.5731
1.5731
1.5731
1.5732
1.5732
1.5732
1.5732
1.5732
1.5732
1.5732
1.5732
1.5732
1.5732
1.5733
1.5733
1.5733
1.5733
1.5733
1.5733
1.5733
1.5733
1.5733
1.5734
1.5734
1.5734
1.5734
1.5734
1.5734
1.5734
1.5734
1.5734
1.5734
1.5735
1.5735
1.5735
1.5735
1.5735
1.5746
1.5768
1.5801
1.5844
1.5899
1.5964
1.6041
1.6128
1.6226
1.6335
1.6455
1.6586
1.6727
1.6880
1.7043
1.7218
1.7403
1.7599
1.7806
1.8024
1.8253
1.8492
1.8743
1.9004
1.9277
1.9560
1.9854
2.0159
2.0475
2.0802
2.1132
2.1462
2.1792
2.2122
2.2452
2.2782
2.3113
2.3443
2.3773
2.4103
2.4433
2.4763
2.5093
2.5423
2.5753
2.6083
2.6413
2.6743
2.7073
2.7404
2.7734
2.8064
2.8394
2.8724
2.9050
2.9368
2.9675
2.9971
3.0256
3.0530
3.0794
3.1046
3.1288
3.1518
3.1738
3.1947
3.2145
3.2332
3.2509
3.2674
3.2829
3.2972
3.3105
3.3227
3.3338
3.3438
3.3527
3.3605
3.3673
3.3729
3.3775
3.3809
3.3833
3.3846
3.3848
3.3839
3.3820
3.3789
3.3748
3.3695
3.3632
3.3558
3.3473
3.3377
3.3270
3.3152
3.3024
3.2884
3.2734
3.2572
3.2400
3.2219
3.2034
3.1847
3.1661
3.1480
3.1306
3.1140
3.0985
3.0840
3.0706
3.0583
3.0471
3.0370
3.0280
3.0200
3.0132
3.0074
3.0027
2.9991
2.9967
2.9952
2.9949
2.9957
2.9975
3.0003
3.0039
3.0082
3.0130
3.0182
3.0238
3.0296
3.0356
3.0416
3.0477
3.0536
3.0594
3.0651
3.0705
3.0756
3.0805
3.0851
3.0893
3.0933
3.0969
3.1002
3.1031
3.1058
3.1082
3.1103
3.1121
3.1137
3.1150
3.1162
3.1171
3.1179
3.1186
3.1191
3.1195
3.1198
3.1200
3.1202
3.1203
3.1204
3.1204
3.1204
3.1205
3.1205
3.1206
3.1206
3.1207
3.1208
3.1209
3.1211
3.1213
3.1215
3.1218
3.1221
3.1224
3.1227
3.1231
3.1234
3.1238
3.1243
3.1247
3.1251
3.1256
3.1261
3.1265
3.1270
3.1275
3.1280
3.1284
3.1289
3.1294
3.1298
3.1303
3.1307
3.1311
3.1315
3.1319
3.1323
3.1327
3.1331
3.1334
3.1337
3.1341
3.1344
3.1347
3.1350
3.1353
3.1355
3.1358
3.1360
3.1363
3.1365
3.1367
3.1369
3.1372
3.1374
3.1376
3.1377
3.1379
3.1381
3.1383
3.1385
3.1386
3.1388
3.1390
3.1391
3.1393
3.1394
3.1396
3.1397
3.1399
3.1400
3.1401
3.1403
3.1404
3.1405
3.1407
3.1408
3.1409
3.1411
3.1412
3.1413
3.1414
3.1415
3.1416
3.1418
3.1419
3.1420
3.1421
3.1422
3.1423
3.1424
3.1425
3.1426
3.1427
3.1428
3.1429
3.1430
3.1430
3.1431
3.1432
3.1433
3.1434
3.1434
3.1435
3.1436
3.1437
3.1437
3.1438
3.1439
3.1439
3.1440
3.1441
3.1441
3.1442
3.1442
3.1443
3.1444
3.1444
3.1445
3.1445
3.1446
3.1446
3.1447
3.1447
3.1448
3.1448
3.1449
3.1449
3.1450
3.1450
3.1451
3.1451
3.1452
3.1452
3.1452
3.1453
3.1453
3.1454
3.1454
3.1454
3.1455
3.1455
3.1456
3.1456
3.1456
3.1457
3.1457
3.1457
3.1458
3.1458
3.1458
3.1459
3.1459
3.1459
3.1460
3.1460
3.1460
3.1460
3.1461
3.1461
3.1461
3.1462
3.1462
3.1462
3.1462
3.1463
3.1463
3.1463
3.1463
3.1464
3.1464
3.1464
3.1464
3.1464
3.1465
3.1465
3.1465
3.1465
3.1465
3.1466
3.1466
3.1466
3.1466
3.1466
3.1467
3.1467
3.1467
3.1467
3.1467
3.1468
3.1468
3.1468
3.1468
3.1468
3.1468
3.1468
3.1469
3.1469
3.1469
3.1469
3.1469
3.1469
3.1470
3.1470
3.1470
3.1470
3.1470
3.1470
3.1470
3.1471
3.1471
3.1471
3.1471
3.1471
3.1471
3.1471
3.1472
3.1472
3.1472
3.1472
3.1472
3.1472
3.1473
3.1473
3.1473
3.1473
3.1473
3.1473
3.1473
3.1474
3.1474
3.1474
3.1474
3.1474
3.1474
3.1474
3.1475
3.1475
3.1475
3.1475
3.1475
3.1475
3.1475
3.1476
3.1476
3.1476
3.1476
3.1476
3.1476
3.1476
3.1476
3.1477
3.1477
3.1477
3.1477
3.1477
3.1477
3.1477
3.1477
3.1488
3.1510
3.1543
3.1587
3.1641
3.1707
3.1783
3.1870
3.1969
3.2078
3.2198
3.2328
3.2470
3.2623
3.2786
3.2960
3.3146
3.3342
3.3549
3.3767
3.3996
3.4235
3.4486
3.4747
3.5020
3.5303
3.5597
3.5902
3.6218
3.6545
3.6875
3.7205
3.7535
3.7865
3.8195
3.8525
3.8856
3.9186
3.9516
3.9846
4.0176
4.0506
4.0836
4.1166
4.1496
4.1827
4.2157
4.2487
4.2817
4.3147
4.3477
4.3807
4.4137
4.4467
4.4793
4.5112
4.5419
4.5715
4.6000
4.6275
4.6539
4.6791
4.7033
4.7264
4.7484
4.7693
4.7892
4.8079
4.8256
4.8421
4.8576
4.8720
4.8853
4.8975
4.9086
4.9186
4.9276
4.9354
4.9422
4.9478
4.9524
4.9559
4.9583
4.9596
4.9599
4.9590
4.9570
4.9540
4.9499
4.9447
4.9383
4.9310
4.9225
4.9129
4.9022
4.8905
4.8776
4.8637
4.8487
4.8326
4.8154
4.7973
4.7787
4.7600
4.7415
4.7234
4.7060
4.6894
4.6738
4.6594
4.6460
4.6337
4.6225
4.6123
4.6033
4.5954
4.5885
4.5827
4.5781
4.5745
4.5720
4.5706
4.5702
4.5710
4.5728
4.5756
4.5792
4.5834
4.5882
4.5935
4.5991
4.6049
4.6108
4.6169
4.6229
4.6288
4.6346
4.6403
4.6457
4.6508
4.6557
4.6602
4.6645
4.6684
4.6720
4.6753
4.6783
4.6810
4.6833
4.6854
4.6873
4.6888
4.6902
4.6913
4.6923
4.6931
4.6937
4.6943
4.6947
4.6950
4.6952
4.6953
4.6955
4.6955
4.6956
4.6956
4.6957
4.6957
4.6958
4.6958
4.6959
4.6960
4.6961
4.6963
4.6965
4.6967
4.6970
4.6973
4.6976
4.6979
4.6983
4.6987
4.6991
4.6995
4.6999
4.7004
4.7008
4.7013
4.7018
4.7023
4.7027
4.7032
4.7037
4.7042
4.7046
4.7051
4.7055
4.7060
4.7064
4.7068
4.7072
4.7076
4.7080
4.7084
4.7087
4.7091
4.7094
4.7097
4.7100
4.7103
4.7106
4.7109
4.7111
4.7114
4.7116
4.7118
4.7121
4.7123
4.7125
4.7127
4.7129
4.7131
4.7133
4.7135
4.7137
4.7138
4.7140
4.7142
4.7143
4.7145
4.7146
4.7148
4.7150
4.7151
4.7152
4.7154
4.7155
4.7157
4.7158
4.7159
4.7161
4.7162
4.7163
4.7165
4.7166
4.7167
4.7168
4.7170
4.7171
4.7172
4.7173
4.7174
4.7175
4.7176
4.7177
4.7178
4.7179
4.7180
4.7181
4.7182
4.7183
4.7184
4.7185
4.7186
4.7187
4.7187
4.7188
4.7189
4.7190
4.7191
4.7191
4.7192
4.7193
4.7193
4.7194
4.7195
4.7195
4.7196
4.7197
4.7197
4.7198
4.7198
4.7199
4.7200
4.7200
4.7201
4.7201
4.7202
4.7202
4.7203
4.7203
4.7204
4.7204
4.7205
4.7205
4.7205
4.7206
4.7206
4.7207
4.7207
4.7208
4.7208
4.7208
4.7209
4.7209
4.7209
4.7210
4.7210
4.7210
4.7211
4.7211
4.7211
4.7212
4.7212
4.7212
4.7212
4.7213
4.7213
4.7213
4.7214
4.7214
4.7214
4.7214
4.7214
4.7215
4.7215
4.7215
4.7215
4.7216
4.7216
4.7216
4.7216
4.7216
4.7217
4.7217
4.7217
4.7217
4.7217
4.7217
4.7218
4.7218
4.7218
4.7218
4.7218
4.7218
4.7219
4.7219
4.7219
4.7219
4.7219
4.7219
4.7220
4.7220
4.7220
4.7220
4.7220
4.7220
4.7220
4.7220
4.7221
4.7221
4.7221
4.7221
4.7221
4.7221
4.7221
4.7221
4.7222
4.7222
4.7222
4.7222
4.7222
4.7222
4.7222
4.7222
4.7222
4.7222
4.7223
4.7223
4.7223
4.7223
4.7223
4.7223
4.7223
4.7223
4.7223
4.7224
4.7224
4.7224
4.7224
4.7224
4.7224
4.7224
4.7224
4.7224
4.7224
4.7225
4.7225
4.7225
4.7225
4.7225
4.7225
4.7225
4.7225
4.7225
4.7225
4.7226
4.7226
4.7226
4.7226
4.7226
4.7226
4.7226
4.7226
4.7226
4.7226
4.7226
4.7227
4.7227
4.7227
4.7227
4.7227
4.7227
4.7227
4.7238
4.7260
4.7293
4.7336
4.7391
4.7456
4.7532
4.7620
4.7718
4.7827
4.7947
4.8077
4.8219
4.8371
4.8535
4.8709
4.8894
4.9090
4.9297
4.9515
4.9744
4.9984
5.0234
5.0496
5.0768
5.1051
5.1345
5.1650
5.1966
5.2293
5.2623
5.2953
5.3283
5.3613
5.3943
5.4273
5.4603
5.4933
5.5264
5.5594
5.5924
5.6254
5.6584
5.6914
5.7244
5.7574
5.7904
5.8234
5.8564
5.8894
5.9224
5.9554
5.9885
6.0215
6.0541
6.0859
6.1166
6.1462
6.1747
6.2022
6.2286
6.2538
6.2780
6.3011
6.3231
6.3440
6.3638
6.3826
6.4002
6.4168
6.4323
6.4466
6.4599
6.4721
6.4832
6.4933
6.5022
6.5100
6.5168
6.5225
6.5271
6.5305
6.5329
6.5343
6.5345
6.5336
6.5317
6.5286
6.5245
6.5193
6.5130
6.5056
6.4971
6.4875
6.4768
6.4651
6.4522
6.4383
6.4233
6.4072
6.3900
6.3719
6.3533
6.3346
6.3161
6.2980
6.2806
6.2640
6.2484
6.2340
6.2206
6.2083
6.1971
6.1869
6.1779
6.1700
6.1631
6.1573
6.1527
6.1491
6.1466
6.1452
6.1448
6.1456
6.1474
6.1502
6.1538
6.1580
6.1628
6.1681
6.1736
6.1795
6.1854
6.1914
6.1975
6.2034
6.2092
6.2148
6.2202
6.2254
6.2302
6.2348
6.2391
6.2430
6.2466
6.2499
6.2529
6.2555
6.2579
6.2600
6.2618
6.2634
6.2648
6.2659
6.2669
6.2677
6.2683
6.2688
6.2692
6.2695
6.2698
6.2699
6.2700
6.2701
6.2702
6.2702
6.2702
6.2703
6.2703
6.2704
6.2705
6.2706
6.2707
6.2709
6.2711
6.2713
6.2715
6.2718
6.2721
6.2725
6.2728
6.2732
6.2736
6.2740
6.2745
6.2749
6.2754
6.2758
6.2763
6.2768
6.2773
6.2777
6.2782
6.2787
6.2791
6.2796
6.2800
6.2805
6.2809
6.2813
6.2817
6.2821
6.2825
6.2828
6.2832
6.2835
6.2838
6.2842
6.2845
6.2847
6.2850
6.2853
6.2856
6.2858
6.2860
6.2863
6.2865
6.2867
6.2869
6.2871
6.2873
6.2875
6.2877
6.2879
6.2880
6.2882
6.2884
6.2885
6.2887
6.2889
6.2890
6.2892
6.2893
6.2894
6.2896
6.2897
6.2899
6.2900
6.2901
6.2903
6.2904
6.2905
6.2906
6.2908
6.2909
6.2910
6.2911
6.2912
6.2913
6.2914
6.2915
6.2917
6.2918
6.2919
6.2920
6.2921
6.2921
6.2922
6.2923
6.2924
6.2925
6.2926
6.2927
6.2928
6.2928
6.2929
6.2930
6.2931
6.2931
6.2932
6.2933
6.2933
6.2934
6.2935
6.2935
6.2936
6.2937
6.2937
6.2938
6.2938
6.2939
6.2939
6.2940
6.2940
6.2941
6.2941
6.2942
6.2942
6.2943
6.2943
6.2944
6.2944
6.2944
6.2945
6.2945
6.2946
6.2946
6.2946
6.2947
6.2947
6.2947
6.2948
6.2948
6.2948
6.2949
6.2949
6.2949
6.2950
6.2950
6.2950
6.2950
6.2951
6.2951
6.2951
6.2951
6.2952
6.2952
6.2952
6.2952
6.2953
6.2953
6.2953
6.2953
6.2953
6.2954
6.2954
6.2954
6.2954
6.2954
6.2954
6.2955
6.2955
6.2955
6.2955
6.2955
6.2955
6.2956
6.2956
6.2956
6.2956
6.2956
6.2956
6.2956
6.2956
6.2956
6.2957
6.2957
6.2957
6.2957
6.2957
6.2957
6.2957
6.2957
6.2957
6.2957
6.2957
6.2958
6.2958
6.2958
6.2958
6.2958
6.2958
6.2958
6.2958
6.2958
6.2958
6.2958
6.2958
6.2958
6.2958
6.2958
6.2958
6.2959
6.2959
6.2959
6.2959
6.2959
6.2959
6.2959
6.2959
6.2959
6.2959
6.2959
6.2959
6.2959
6.2959
6.2959
6.2959
6.2959
6.2959
6.2959
6.2959
6.2959
6.2959
6.2959
6.2959
6.2959
6.2959
6.2959
6.2959
6.2959
6.2959
6.2959
6.2960
6.2960
6.2960
6.2960
6.2960
6.2960
6.2960
6.2960
6.2960
6.2960
6.2960
6.2960
6.2960
6.2960
6.2960
6.2960
6.2960
6.2960
6.2960
6.2960
6.2960
6.2949
6.2927
6.2895
6.2851
6.2796
6.2731
6.2655
6.2568
6.2470
6.2361
6.2241
6.2110
6.1969
6.1816
6.1653
6.1479
6.1293
6.1097
6.0891
6.0673
6.0444
6.0204
5.9954
5.9693
5.9420
5.9137
5.8843
5.8538
5.8222
5.7896
5.7566
5.7236
5.6906
5.6576
5.6245
5.5915
5.5587
5.5264
5.4950
5.4647
5.4355
5.4074
5.3803
5.3544
5.3295
5.3057
5.2830
5.2614
5.2409
5.2215
5.2032
5.1860
5.1698
5.1547
5.1408
5.1279
5.1161
5.1054
5.0958
5.0872
5.0798
5.0735
5.0682
5.0640
5.0609
5.0589
5.0580
5.0582
5.0595
5.0619
5.0653
5.0697
5.0748
5.0805
5.0865
5.0926
5.0988
5.1049
5.1109
5.1166
5.1219
5.1269
5.1314
5.1355
5.1392
5.1423
5.1450
5.1473
5.1491
5.1505
5.1515
5.1521
5.1523
5.1522
5.1518
5.1511
5.1502
5.1491
5.1477
5.1462
5.1446
5.1428
5.1409
5.1389
5.1369
5.1348
5.1327
5.1306
5.1285
5.1264
5.1242
5.1221
5.1201
5.1180
5.1161
5.1141
5.1122
5.1104
5.1086
5.1068
5.1052
5.1035
5.1020
5.1005
5.0990
5.0976
5.0963
5.0950
5.0937
5.0926
5.0914
5.0903
5.0893
5.0883
5.0873
5.0864
5.0855
5.0847
5.0839
5.0831
5.0824
5.0817
5.0810
5.0804
5.0798
5.0792
5.0787
5.0781
5.0776
5.0771
5.0767
5.0762
5.0758
5.0754
5.0750
5.0746
5.0742
5.0739
5.0735
5.0732
5.0729
5.0726
