0.0000
-0.0000
-0.0000
-0.0000
-0.0000
-0.0000
-0.0000
-0.0000
-0.0000
-0.0000
-0.0000
-0.0000
-0.0000
-0.0000
-0.0000
-0.0000
-0.0000
-0.0000
-0.0000
-0.0000
-0.0000
-0.0000
-0.0000
-0.0000
-0.0000
-0.0000
-0.0000
-0.0000
-0.0000
-0.0000
-0.0000
-0.0000
-0.0000
-0.0000
-0.0000
-0.0000
-0.0000
-0.0000
-0.0000
-0.0000
-0.0000
-0.0000
-0.0000
-0.0000
-0.0001
-0.0001
-0.0001
-0.0001
-0.0001
-0.0001
-0.0001
-0.0001
-0.0001
-0.0001
-0.0001
-0.0001
-0.0001
-0.0001
-0.0001
-0.0001
-0.0001
-0.0001
-0.0001
-0.0001
-0.0001
-0.0001
-0.0001
-0.0001
-0.0001
-0.0001
-0.0001
-0.0002
-0.0002
-0.0002
-0.0002
-0.0002
-0.0002
-0.0002
-0.0002
-0.0002
-0.0002
-0.0002
-0.0002
-0.0002
-0.0002
-0.0002
-0.0002
-0.0002
-0.0002
-0.0002
-0.0002
-0.0002
-0.0002
-0.0002
-0.0002
-0.0002
-0.0002
-0.0002
-0.0002
-0.0002
-0.0002
-0.0003
-0.0003
-0.0003
-0.0003
-0.0003
-0.0003
-0.0003
-0.0003
-0.0003
-0.0003
-0.0003
-0.0003
-0.0003
-0.0003
-0.0003
-0.0003
-0.0003
-0.0003
-0.0003
-0.0003
-0.0003
-0.0003
-0.0003
-0.0003
-0.0003
-0.0003
-0.0003
-0.0003
-0.0003
-0.0003
-0.0003
-0.0003
-0.0003
-0.0003
-0.0003
-0.0003
-0.0003
-0.0003
-0.0003
-0.0003
-0.0003
-0.0003
-0.0003
-0.0004
-0.0004
-0.0004
-0.0004
-0.0004
-0.0004
-0.0004
-0.0004
-0.0004
-0.0004
-0.0004
-0.0004
-0.0004
-0.0004
-0.0004
-0.0004
-0.0004
-0.0004
-0.0004
-0.0004
-0.0004
-0.0004
-0.0004
-0.0004
-0.0004
-0.0004
-0.0004
-0.0004
-0.0004
-0.0004
-0.0004
-0.0004
-0.0004
-0.0004
-0.0004
-0.0004
-0.0004
-0.0004
-0.0003
-0.0003
-0.0003
-0.0003
-0.0003
-0.0003
-0.0003
-0.0003
-0.0003
-0.0003
-0.0003
-0.0003
-0.0003
-0.0003
-0.0003
-0.0003
-0.0003
-0.0003
-0.0003
-0.0003
-0.0003
-0.0003
-0.0003
-0.0003
-0.0003
-0.0003
-0.0003
-0.0003
-0.0003
-0.0003
-0.0002
-0.0002
-0.0002
-0.0002
-0.0002
-0.0002
-0.0002
-0.0002
-0.0002
-0.0002
-0.0002
-0.0002
-0.0002
-0.0002
-0.0002
-0.0002
-0.0002
-0.0002
-0.0002
-0.0002
-0.0002
-0.0002
-0.0002
-0.0002
-0.0001
-0.0001
-0.0001
-0.0001
-0.0001
-0.0001
-0.0001
-0.0001
-0.0001
-0.0001
-0.0001
-0.0001
-0.0001
-0.0001
-0.0001
-0.0001
-0.0001
-0.0001
-0.0001
-0.0001
-0.0001
-0.0000
-0.0000
-0.0000
-0.0000
-0.0000
-0.0000
-0.0000
-0.0000
0.0000
0.0000
0.0000
0.0000
0.0000
0.0000
0.0000
0.0001
0.0001
0.0001
0.0001
0.0001
0.0001
0.0001
0.0001
0.0001
0.0001
0.0001
0.0001
0.0001
0.0002
0.0002
0.0002
0.0002
0.0002
0.0002
0.0002
0.0002
0.0002
0.0002
0.0002
0.0002
0.0002
0.0002
0.0003
0.0003
0.0003
0.0003
0.0003
0.0003
0.0003
0.0003
0.0003
0.0003
0.0003
0.0003
0.0003
0.0003
0.0003
0.0003
0.0003
0.0004
0.0004
0.0004
0.0004
0.0004
0.0004
0.0004
0.0004
0.0004
0.0004
0.0004
0.0004
0.0004
0.0004
0.0004
0.0004
0.0004
0.0004
0.0004
0.0004
0.0004
0.0004
0.0004
0.0004
0.0004
0.0004
0.0004
0.0004
0.0004
0.0004
0.0004
0.0004
0.0004
0.0004
0.0004
0.0004
0.0004
0.0004
0.0004
0.0004
0.0004
0.0004
0.0004
0.0004
0.0004
0.0004
0.0004
0.0004
0.0004
0.0004
0.0004
0.0004
0.0004
0.0004
0.0004
0.0004
0.0004
0.0004
0.0004
0.0004
0.0004
0.0004
0.0004
0.0004
0.0004
0.0004
0.0004
0.0004
0.0003
0.0003
0.0003
0.0003
0.0003
0.0003
0.0003
0.0003
0.0003
0.0003
0.0003
0.0003
0.0003
0.0003
0.0002
0.0002
0.0002
0.0002
0.0002
-0.0000
-0.0005
-0.0011
-0.0020
-0.0032
-0.0045
-0.0061
-0.0079
-0.0100
-0.0123
-0.0149
-0.0177
-0.0208
-0.0242
-0.0278
-0.0318
-0.0360
-0.0406
-0.0455
-0.0508
-0.0564
-0.0624
-0.0688
-0.0756
-0.0829
-0.0906
-0.0987
-0.1074
-0.1166
-0.1263
-0.1365
-0.1470
-0.1579
-0.1693
-0.1811
-0.1933
-0.2061
-0.2192
-0.2329
-0.2470
-0.2617
-0.2768
-0.2924
-0.3084
-0.3250
-0.3420
-0.3594
-0.3773
-0.3956
-0.4143
-0.4333
-0.4527
-0.4725
-0.4925
-0.5128
-0.5333
-0.5540
-0.5749
-0.5959
-0.6170
-0.6382
-0.6594
-0.6808
-0.7022
-0.7236
-0.7450
-0.7664
-0.7879
-0.8093
-0.8307
-0.8520
-0.8733
-0.8946
-0.9158
-0.9370
-0.9581
-0.9792
-1.0003
-1.0213
-1.0423
-1.0633
-1.0842
-1.1052
-1.1261
-1.1471
-1.1681
-1.1891
-1.2101
-1.2312
-1.2523
-1.2735
-1.2947
-1.3160
-1.3374
-1.3589
-1.3804
-1.4020
-1.4237
-1.4455
-1.4674
-1.4893
-1.5112
-1.5332
-1.5552
-1.5772
-1.5993
-1.6213
-1.6433
-1.6654
-1.6874
-1.7094
-1.7315
-1.7536
-1.7756
-1.7977
-1.8198
-1.8419
-1.8640
-1.8861
-1.9083
-1.9305
-1.9527
-1.9749
-1.9972
-2.0195
-2.0418
-2.0642
-2.0865
-2.1090
-2.1314
-2.1538
-2.1763
-2.1988
-2.2213
-2.2438
-2.2663
-2.2888
-2.3113
-2.3338
-2.3563
-2.3788
-2.4013
-2.4239
-2.4464
-2.4689
-2.4914
-2.5139
-2.5365
-2.5590
-2.5815
-2.6040
-2.6266
-2.6491
-2.6716
-2.6941
-2.7167
-2.7392
-2.7617
-2.7843
-2.8068
-2.8293
-2.8518
-2.8744
-2.8969
-2.9194
-2.9419
-2.9645
-2.9870
-3.0095
-3.0321
-3.0546
-3.0771
-3.0996
-3.1222
-3.1447
-3.1672
-3.1898
-3.2123
-3.2348
-3.2574
-3.2799
-3.3024
-3.3250
-3.3475
-3.3700
-3.3926
-3.4151
-3.4376
-3.4602
-3.4827
-3.5052
-3.5278
-3.5503
-3.5728
-3.5954
-3.6179
-3.6404
-3.6629
-3.6855
-3.7080
-3.7305
-3.7531
-3.7756
-3.7981
-3.8207
-3.8432
-3.8657
-3.8883
-3.9108
-3.9333
-3.9558
-3.9784
-4.0009
-4.0234
-4.0459
-4.0685
-4.0910
-4.1135
-4.1360
-4.1585
-4.1811
-4.2036
-4.2261
-4.2486
-4.2711
-4.2936
-4.3161
-4.3386
-4.3611
-4.3836
-4.4061
-4.4286
-4.4511
-4.4736
-4.4961
-4.5186
-4.5411
-4.5635
-4.5860
-4.6085
-4.6310
-4.6534
-4.6759
-4.6983
-4.7208
-4.7432
-4.7657
-4.7881
-4.8105
-4.8329
-4.8554
-4.8778
-4.9002
-4.9226
-4.9449
-4.9673
-4.9897
-5.0121
-5.0344
-5.0567
-5.0791
-5.1014
-5.1237
-5.1460
-5.1683
-5.1905
-5.2128
-5.2350
-5.2573
-5.2795
-5.3017
-5.3239
-5.3460
-5.3682
-5.3903
-5.4124
-5.4345
-5.4565
-5.4786
-5.5006
-5.5226
-5.5445
-5.5665
-5.5884
-5.6102
-5.6321
-5.6539
-5.6757
-5.6974
-5.7191
-5.7408
-5.7624
-5.7840
-5.8055
-5.8270
-5.8485
-5.8699
-5.8913
-5.9126
-5.9338
-5.9550
-5.9761
-5.9972
-6.0182
-6.0391
-6.0600
-6.0808
-6.1016
-6.1222
-6.1428
-6.1633
-6.1837
-6.2040
-6.2242
-6.2444
-6.2644
-6.2844
-6.3042
-6.3240
-6.3436
-6.3631
-6.3825
-6.4018
-6.4209
-6.4400
-6.4589
-6.4776
-6.4963
-6.5148
-6.5331
-6.5513
-6.5694
-6.5873
-6.6050
-6.6226
-6.6400
-6.6573
-6.6744
-6.6913
-6.7080
-6.7245
-6.7409
-6.7571
-6.7731
-6.7889
-6.8045
-6.8199
-6.8352
-6.8502
-6.8650
-6.8796
-6.8940
-6.9082
-6.9222
-6.9360
-6.9496
-6.9630
-6.9761
-6.9891
-7.0018
-7.0143
-7.0266
-7.0387
-7.0506
-7.0623
-7.0737
-7.0850
-7.0960
-7.1069
-7.1175
-7.1279
-7.1381
-7.1481
-7.1579
-7.1675
-7.1769
-7.1862
-7.1952
-7.2040
-7.2126
-7.2211
-7.2294
-7.2374
-7.2454
-7.2531
-7.2606
-7.2680
-7.2752
-7.2823
-7.2892
-7.2959
-7.3025
-7.3089
-7.3151
-7.3212
-7.3272
-7.3330
-7.3387
-7.3443
-7.3497
-7.3550
-7.3601
-7.3651
-7.3700
-7.3748
-7.3795
-7.3840
-7.3884
-7.3928
-7.3970
-7.4011
-7.4051
-7.4090
-7.4128
-7.4165
-7.4201
-7.4237
-7.4271
-7.4304
-7.4337
-7.4369
-7.4400
-7.4430
-7.4435
-7.4442
-7.4452
-7.4463
-7.4477
-7.4492
-7.4508
-7.4526
-7.4545
-7.4566
-7.4588
-7.4611
-7.4636
-7.4662
-7.4689
-7.4717
-7.4747
-7.4779
-7.4811
-7.4845
-7.4880
-7.4917
-7.4954
-7.4993
-7.5033
-7.5073
-7.5115
-7.5157
-7.5199
-7.5242
-7.5284
-7.5327
-7.5370
-7.5414
-7.5458
-7.5503
-7.5547
-7.5591
-7.5634
-7.5676
-7.5717
-7.5756
-7.5793
-7.5828
-7.5861
-7.5891
-7.5917
-7.5940
-7.5959
-7.5974
-7.5985
-7.5990
-7.5991
-7.5986
-7.5976
-7.5961
-7.5942
-7.5919
-7.5893
-7.5863
-7.5829
-7.5793
-7.5753
-7.5711
-7.5666
-7.5618
-7.5568
-7.5516
-7.5462
-7.5406
-7.5349
-7.5291
-7.5232
-7.5172
-7.5111
-7.5051
-7.4991
-7.4930
-7.4871
-7.4812
-7.4754
-7.4698
-7.4643
-7.4590
-7.4539
-7.4490
-7.4443
-7.4399
-7.4358
-7.4320
-7.4285
-7.4254
-7.4226
-7.4203
-7.4183
-7.4168
-7.4158
-7.4152
-7.4152
-7.4157
-7.4167
-7.4184
-7.4206
-7.4233
-7.4264
-7.4299
-7.4338
-7.4379
-7.4421
-7.4466
-7.4511
-7.4557
-7.4604
-7.4651
-7.4698
-7.4745
-7.4791
-7.4837
-7.4882
-7.4926
-7.4969
-7.5010
-7.5049
-7.5086
-7.5121
-7.5154
-7.5183
-7.5211
-7.5236
-7.5259
-7.5280
-7.5299
-7.5317
-7.5332
-7.5347
-7.5360
-7.5371
-7.5382
-7.5392
-7.5401
-7.5410
-7.5418
-7.5425
-7.5432
-7.5439
-7.5446
-7.5453
-7.5460
-7.5467
-7.5473
-7.5480
-7.5487
-7.5495
-7.5502
-7.5509
-7.5517
-7.5525
-7.5533
-7.5541
-7.5550
-7.5558
-7.5567
-7.5575
-7.5584
-7.5593
-7.5602
-7.5611
-7.5620
-7.5629
-7.5637
-7.5646
-7.5655
-7.5664
-7.5673
-7.5681
-7.5690
-7.5698
-7.5706
-7.5715
-7.5723
-7.5731
-7.5739
-7.5746
-7.5754
-7.5761
-7.5769
-7.5776
-7.5783
-7.5790
-7.5797
-7.5804
-7.5810
-7.5817
-7.5824
-7.5830
-7.5836
-7.5843
-7.5849
-7.5855
-7.5861
-7.5867
-7.5873
-7.5879
-7.5885
-7.5891
-7.5896
-7.5902
-7.5908
-7.5914
-7.5919
-7.5925
-7.5930
-7.5936
-7.5941
-7.5947
-7.5952
-7.5958
-7.5963
-7.5968
-7.5974
-7.5979
-7.5984
-7.5990
-7.5995
-7.6000
-7.6005
-7.6011
-7.6016
-7.6021
-7.6026
-7.6031
-7.6036
-7.6041
-7.6047
-7.6052
-7.6057
-7.6062
-7.6067
-7.6072
-7.6077
-7.6081
-7.6086
-7.6091
-7.6096
-7.6101
-7.6106
-7.6111
-7.6116
-7.6121
-7.6125
-7.6130
-7.6135
-7.6140
-7.6145
-7.6149
-7.6154
-7.6159
-7.6164
-7.6168
-7.6173
-7.6178
-7.6183
-7.6187
-7.6192
-7.6197
-7.6201
-7.6206
-7.6211
-7.6215
-7.6220
-7.6225
-7.6230
-7.6234
-7.6239
-7.6244
-7.6248
-7.6253
-7.6257
-7.6262
-7.6267
-7.6271
-7.6276
-7.6281
-7.6285
-7.6290
-7.6295
-7.6299
-7.6304
-7.6309
-7.6313
-7.6318
-7.6323
-7.6327
-7.6332
-7.6337
-7.6341
-7.6346
-7.6350
-7.6355
-7.6360
-7.6364
-7.6369
-7.6374
-7.6379
-7.6383
-7.6388
-7.6393
-7.6397
-7.6402
-7.6407
-7.6411
-7.6416
-7.6421
-7.6426
-7.6430
-7.6435
-7.6440
-7.6445
-7.6449
-7.6454
-7.6459
-7.6464
-7.6468
-7.6473
-7.6478
-7.6483
-7.6487
-7.6492
-7.6497
-7.6502
-7.6507
-7.6512
-7.6516
-7.6521
-7.6526
-7.6531
-7.6536
-7.6541
-7.6546
-7.6550
-7.6555
-7.6560
-7.6565
-7.6570
-7.6575
-7.6580
-7.6585
-7.6590
-7.6595
-7.6600
-7.6605
-7.6610
-7.6615
-7.6620
-7.6625
-7.6630
-7.6635
-7.6640
-7.6645
-7.6650
-7.6655
-7.6660
-7.6665
-7.6670
-7.6675
-7.6680
-7.6685
-7.6690
-7.6695
-7.6700
-7.6705
-7.6710
-7.6716
-7.6721
-7.6726
-7.6731
-7.6736
-7.6741
-7.6746
-7.6752
-7.6757
-7.6762
-7.6767
-7.6772
-7.6778
-7.6783
-7.6788
-7.6793
-7.6799
-7.6804
-7.6809
-7.6814
-7.6820
-7.6825
-7.6830
-7.6835
-7.6841
-7.6846
-7.6851
-7.6857
-7.6862
-7.6867
-7.6873
-7.6878
-7.6883
-7.6889
-7.6894
-7.6900
-7.6905
-7.6911
-7.6916
-7.6921
-7.6927
-7.6932
-7.6938
-7.6943
-7.6949
-7.6954
-7.6960
-7.6965
-7.6971
-7.6976
-7.6982
-7.6987
-7.6993
-7.6996
-7.6998
-7.6997
-7.6993
-7.6988
-7.6980
-7.6970
-7.6957
-7.6943
-7.6925
-7.6905
-7.6883
-7.6858
-7.6830
-7.6799
-7.6765
-7.6729
-7.6689
-7.6646
-7.6599
-7.6549
-7.6495
-7.6437
-7.6375
-7.6308
-7.6237
-7.6161
-7.6081
-7.5995
-7.5904
-7.5809
-7.5709
-7.5606
-7.5499
-7.5387
-7.5271
-7.5150
-7.5024
-7.4894
-7.4758
-7.4618
-7.4474
-7.4324
-7.4170
-7.4011
-7.3847
-7.3679
-7.3506
-7.3330
-7.3149
-7.2965
-7.2777
-7.2586
-7.2392
-7.2195
-7.1996
-7.1796
-7.1594
-7.1391
-7.1186
-7.0981
-7.0774
-7.0567
-7.0360
-7.0152
-6.9944
-6.9736
-6.9529
-6.9321
-6.9114
-6.8907
-6.8700
-6.8494
-6.8289
-6.8083
-6.7879
-6.7674
-6.7470
-6.7267
-6.7063
-6.6860
-6.6658
-6.6455
-6.6252
-6.6049
-6.5846
-6.5643
-6.5439
-6.5235
-6.5031
-6.4826
-6.4621
-6.4414
-6.4207
-6.4000
-6.3791
-6.3582
-6.3372
-6.3161
-6.2949
-6.2737
-6.2525
-6.2312
-6.2099
-6.1886
-6.1673
-6.1459
-6.1246
-6.1033
-6.0820
-6.0606
-6.0393
-6.0179
-5.9966
-5.9752
-5.9539
-5.9325
-5.9111
-5.8897
-5.8683
-5.8468
-5.8253
-5.8038
-5.7823
-5.7607
-5.7391
-5.7175
-5.6958
-5.6742
-5.6525
-5.6308
-5.6090
-5.5873
-5.5656
-5.5438
-5.5221
-5.5003
-5.4785
-5.4568
-5.4350
-5.4132
-5.3915
-5.3697
-5.3479
-5.3262
-5.3044
-5.2827
-5.2609
-5.2391
-5.2174
-5.1956
-5.1739
-5.1521
-5.1304
-5.1086
-5.0868
-5.0651
-5.0433
-5.0216
-4.9998
-4.9781
-4.9564
-4.9346
-4.9129
-4.8911
-4.8694
-4.8477
-4.8259
-4.8042
-4.7824
-4.7607
-4.7390
-4.7173
-4.6955
-4.6738
-4.6521
-4.6303
-4.6086
-4.5869
-4.5652
-4.5434
-4.5217
-4.5000
-4.4783
-4.4566
-4.4349
-4.4132
-4.3914
-4.3697
-4.3480
-4.3263
-4.3046
-4.2829
-4.2612
-4.2395
-4.2178
-4.1961
-4.1744
-4.1527
-4.1310
-4.1093
-4.0876
-4.0659
-4.0443
-4.0226
-4.0009
-3.9792
-3.9575
-3.9359
-3.9142
-3.8925
-3.8708
-3.8492
-3.8275
-3.8059
-3.7842
-3.7625
-3.7409
-3.7192
-3.6976
-3.6759
-3.6543
-3.6326
-3.6110
-3.5894
-3.5677
-3.5461
-3.5245
-3.5029
-3.4813
-3.4596
-3.4380
-3.4164
-3.3948
-3.3732
-3.3516
-3.3300
-3.3085
-3.2869
-3.2653
-3.2438
-3.2222
-3.2006
-3.1791
-3.1575
-3.1360
-3.1145
-3.0930
-3.0714
-3.0499
-3.0284
-3.0069
-2.9855
-2.9640
-2.9425
-2.9211
-2.8996
-2.8782
-2.8568
-2.8353
-2.8139
-2.7926
-2.7712
-2.7498
-2.7285
-2.7071
-2.6858
-2.6645
-2.6432
-2.6219
-2.6007
-2.5795
-2.5582
-2.5370
-2.5159
-2.4947
-2.4736
-2.4525
-2.4314
-2.4103
-2.3893
-2.3683
-2.3473
-2.3264
-2.3054
-2.2846
-2.2637
-2.2429
-2.2221
-2.2014
-2.1807
-2.1600
-2.1394
-2.1188
-2.0983
-2.0778
-2.0574
-2.0370
-2.0167
-1.9964
-1.9762
-1.9561
-1.9360
-1.9159
-1.8960
-1.8761
-1.8563
-1.8365
-1.8169
-1.7973
-1.7778
-1.7584
-1.7390
-1.7198
-1.7007
-1.6816
-1.6627
-1.6438
-1.6251
-1.6065
-1.5880
-1.5696
-1.5513
-1.5332
-1.5151
-1.4972
-1.4795
-1.4619
-1.4444
-1.4270
-1.4099
-1.3928
-1.3759
-1.3592
-1.3427
-1.3263
-1.3100
-1.2940
-1.2781
-1.2624
-1.2469
-1.2315
-1.2164
-1.2014
-1.1866
-1.1720
-1.1577
-1.1435
-1.1295
-1.1157
-1.1021
-1.0887
-1.0756
-1.0626
-1.0499
-1.0373
-1.0250
-1.0129
-1.0010
-0.9893
-0.9779
-0.9666
-0.9556
-0.9447
-0.9341
-0.9237
-0.9135
-0.9036
-0.8938
-0.8842
-0.8749
-0.8657
-0.8568
-0.8480
-0.8395
-0.8312
-0.8230
-0.8151
-0.8073
-0.7997
-0.7924
-0.7852
-0.7782
-0.7713
-0.7647
-0.7582
-0.7519
-0.7458
-0.7398
-0.7340
-0.7283
-0.7229
-0.7175
-0.7124
-0.7073
-0.7025
-0.6977
-0.6932
-0.6887
-0.6844
-0.6802
-0.6762
-0.6722
-0.6684
-0.6648
-0.6612
-0.6578
-0.6544
-0.6512
-0.6481
-0.6451
-0.6422
-0.6394
-0.6367
-0.6341
-0.6316
-0.6292
-0.6269
-0.6247
-0.6225
-0.6205
-0.6185
-0.6166
-0.6166
-0.6158
-0.6141
-0.6116
-0.6082
-0.6039
-0.5987
-0.5927
-0.5859
-0.5782
-0.5697
-0.5604
-0.5503
-0.5394
-0.5277
-0.5152
-0.5022
-0.4886
-0.4745
-0.4601
-0.4453
-0.4304
-0.4152
-0.4000
-0.3847
-0.3695
-0.3543
-0.3393
-0.3245
-0.3100
-0.2958
-0.2820
-0.2684
-0.2553
-0.2426
-0.2303
-0.2185
-0.2071
-0.1963
-0.1859
-0.1758
-0.1662
-0.1569
-0.1480
-0.1395
-0.1313
-0.1234
-0.1159
-0.1087
-0.1018
-0.0951
-0.0887
-0.0825
-0.0766
-0.0708
-0.0651
-0.0596
-0.0542
-0.0489
-0.0436
-0.0384
-0.0331
-0.0279
-0.0226
-0.0173
-0.0118
-0.0063
-0.0006
0.0052
0.0111
0.0173
0.0237
0.0302
0.0370
0.0438
0.0508
0.0578
0.0649
0.0719
0.0790
0.0860
0.0930
0.0998
0.1066
0.1133
0.1198
0.1263
0.1325
0.1387
0.1446
0.1505
0.1561
0.1616
0.1669
0.1721
0.1770
0.1819
0.1865
0.1910
0.1954
0.1996
0.2037
0.2076
0.2113
0.2150
0.2185
0.2218
0.2251
0.2282
0.2312
0.2341
0.2369
0.2396
0.2422
0.2447
0.2471
0.2494
0.2516
0.2537
0.2557
0.2577
0.2596
0.2614
0.2631
0.2647
0.2663
0.2678
0.2693
0.2707
0.2720
0.2732
0.2744
0.2756
0.2766
0.2777
0.2786
0.2796
0.2804
0.2812
0.2820
0.2827
0.2834
0.2840
0.2846
0.2851
0.2856
0.2861
0.2865
0.2869
0.2872
0.2875
0.2878
0.2880
0.2882
0.2883
0.2885
0.2885
0.2886
0.2886
0.2886
0.2886
0.2885
