0.0000
0.0009
0.0009
0.0017
0.0035
0.0061
0.0096
0.0139
0.0192
0.0253
0.0322
0.0401
0.0488
0.0584
0.0688
0.0801
0.0923
0.1054
0.1193
0.1341
0.1497
0.1659
0.1826
0.1999
0.2176
0.2357
0.2541
0.2728
0.2917
0.3109
0.3303
0.3498
0.3695
0.3893
0.4092
0.4293
0.4494
0.4696
0.4898
0.5101
0.5305
0.5509
0.5713
0.5918
0.6123
0.6328
0.6534
0.6740
0.6946
0.7152
0.7358
0.7564
0.7770
0.7977
0.8183
0.8390
0.8597
0.8803
0.9010
0.9217
0.9424
0.9631
0.9838
1.0044
1.0251
1.0458
1.0665
1.0872
1.1079
1.1286
1.1493
1.1700
1.1907
1.2114
1.2321
1.2528
1.2735
1.2942
1.3149
1.3356
1.3563
1.3770
1.3977
1.4184
1.4392
1.4599
1.4806
1.5013
1.5220
1.5427
1.5634
1.5841
1.6048
1.6255
1.6462
1.6669
1.6876
1.7083
1.7290
1.7497
1.7703
1.7910
1.8117
1.8324
1.8531
1.8738
1.8945
1.9152
1.9359
1.9566
1.9773
1.9980
2.0187
2.0394
2.0601
2.0808
2.1014
2.1221
2.1428
2.1635
2.1842
2.2049
2.2256
2.2463
2.2669
2.2876
2.3083
2.3290
2.3497
2.3704
2.3911
2.4117
2.4324
2.4531
2.4738
2.4945
2.5152
2.5358
2.5565
2.5772
2.5979
2.6186
2.6392
2.6599
2.6806
2.7013
2.7220
2.7426
2.7633
2.7840
2.8047
2.8253
2.8460
2.8667
2.8874
2.9080
2.9287
2.9494
2.9700
2.9907
3.0114
3.0320
3.0527
3.0734
3.0940
3.1147
3.1354
3.1560
3.1767
3.1973
3.2180
3.2387
3.2593
3.2800
3.3006
3.3213
3.3419
3.3626
3.3832
3.4039
3.4245
3.4452
3.4658
3.4865
3.5071
3.5277
3.5484
3.5690
3.5896
3.6103
3.6309
3.6515
3.6722
3.6928
3.7134
3.7341
3.7547
3.7753
3.7959
3.8165
3.8371
3.8577
3.8783
3.8989
3.9195
3.9401
3.9607
3.9813
4.0019
4.0225
4.0431
4.0637
4.0842
4.1048
4.1254
4.1459
4.1665
4.1870
4.2076
4.2281
4.2487
4.2692
4.2897
4.3103
4.3308
4.3513
4.3718
4.3923
4.4128
4.4332
4.4537
4.4742
4.4946
4.5151
4.5355
4.5559
4.5764
4.5968
4.6172
4.6375
4.6579
4.6783
4.6986
4.7189
4.7393
4.7596
4.7798
4.8001
4.8204
4.8406
4.8608
4.8810
4.9012
4.9214
4.9415
4.9616
4.9817
5.0018
5.0218
5.0418
5.0618
5.0818
5.1017
5.1216
5.1414
5.1613
5.1811
5.2008
5.2205
5.2402
5.2599
5.2795
5.2990
5.3185
5.3380
5.3574
5.3768
5.3961
5.4153
5.4345
5.4536
5.4727
5.4917
5.5106
5.5295
5.5483
5.5670
5.5857
5.6043
5.6227
5.6411
5.6595
5.6777
5.6958
5.7138
5.7318
5.7496
5.7673
5.7849
5.8024
5.8198
5.8371
5.8542
5.8712
5.8881
5.9049
5.9215
5.9380
5.9543
5.9705
5.9865
6.0024
6.0181
6.0337
6.0491
6.0643
6.0794
6.0942
6.1090
6.1235
6.1378
6.1520
6.1659
6.1797
6.1933
6.2067
6.2199
6.2329
6.2457
6.2582
6.2706
6.2828
6.2947
6.3065
6.3180
6.3293
6.3405
6.3514
6.3620
6.3725
6.3828
6.3928
6.4026
6.4123
6.4217
6.4309
6.4398
6.4486
6.4572
6.4655
6.4737
6.4816
6.4894
6.4969
6.5042
6.5114
6.5183
6.5251
6.5316
6.5380
6.5442
6.5502
6.5560
6.5617
6.5671
6.5724
6.5775
6.5825
6.5873
6.5919
6.5964
6.6007
6.6049
6.6089
6.6127
6.6164
6.6200
6.6235
6.6268
6.6299
6.6329
6.6358
6.6386
6.6413
6.6438
6.6462
6.6485
6.6507
6.6528
6.6548
6.6566
6.6584
6.6601
6.6616
6.6631
6.6645
6.6658
6.6670
6.6681
6.6691
6.6701
6.6710
6.6693
6.6678
6.6666
6.6656
6.6647
6.6640
6.6635
6.6631
6.6629
6.6628
6.6628
6.6630
6.6632
6.6637
6.6642
6.6649
6.6657
6.6667
6.6677
6.6689
6.6703
6.6717
6.6733
6.6750
6.6767
6.6786
6.6805
6.6825
6.6846
6.6866
6.6886
6.6907
6.6928
6.6950
6.6972
6.6994
6.7016
6.7038
6.7059
6.7078
6.7097
6.7114
6.7129
6.7142
6.7152
6.7159
6.7163
6.7163
6.7160
6.7152
6.7140
6.7124
6.7102
6.7075
6.7042
6.7004
6.6962
6.6917
6.6868
6.6815
6.6759
6.6700
6.6638
6.6573
6.6505
6.6434
6.6362
6.6287
6.6210
6.6131
6.6051
6.5970
6.5888
6.5806
6.5722
6.5639
6.5556
6.5473
6.5390
6.5309
6.5228
6.5149
6.5071
6.4995
6.4921
6.4849
6.4779
6.4712
6.4648
6.4587
6.4529
6.4475
6.4424
6.4377
6.4335
6.4296
6.4263
6.4234
6.4211
6.4192
6.4180
6.4173
6.4172
6.4175
6.4184
6.4196
6.4210
6.4228
6.4247
6.4268
6.4290
6.4313
6.4336
6.4359
6.4383
6.4406
6.4429
6.4452
6.4473
6.4494
6.4513
6.4530
6.4546
6.4559
6.4570
6.4579
6.4585
6.4589
6.4590
6.4590
6.4587
6.4582
6.4575
6.4567
6.4558
6.4547
6.4535
6.4521
6.4507
6.4492
6.4477
6.4461
6.4444
6.4427
6.4410
6.4393
6.4376
6.4358
6.4341
6.4323
6.4306
6.4289
6.4272
6.4255
6.4238
6.4222
6.4205
6.4189
6.4173
6.4157
6.4141
6.4125
6.4109
6.4094
6.4078
6.4062
6.4047
6.4031
6.4016
6.4000
6.3984
6.3969
6.3953
6.3937
6.3921
6.3905
6.3889
6.3872
6.3856
6.3839
6.3822
6.3806
6.3788
6.3771
6.3754
6.3737
6.3719
6.3701
6.3683
6.3665
6.3647
6.3629
6.3611
6.3592
6.3574
6.3555
6.3536
6.3518
6.3499
6.3480
6.3461
6.3441
6.3422
6.3403
6.3383
6.3364
6.3345
6.3325
6.3305
6.3286
6.3266
6.3246
6.3227
6.3207
6.3187
6.3167
6.3147
6.3127
6.3107
6.3087
6.3067
6.3046
6.3026
6.3006
6.2986
6.2965
6.2945
6.2925
6.2904
6.2884
6.2863
6.2843
6.2822
6.2801
6.2781
6.2760
6.2739
6.2719
6.2698
6.2677
6.2656
6.2635
6.2614
6.2593
6.2572
6.2551
6.2530
6.2509
6.2488
6.2467
6.2446
6.2425
6.2404
6.2382
6.2361
6.2340
6.2318
6.2297
6.2276
6.2254
6.2233
6.2211
6.2190
6.2168
6.2147
6.2125
6.2104
6.2082
6.2060
6.2039
6.2017
6.1995
6.1974
6.1952
6.1930
6.1908
6.1887
6.1865
6.1843
6.1821
6.1799
6.1777
6.1755
6.1733
6.1711
6.1689
6.1667
6.1645
6.1623
6.1601
6.1579
6.1557
6.1535
6.1513
6.1491
6.1469
6.1447
6.1424
6.1402
6.1380
6.1358
6.1336
6.1313
6.1291
6.1269
6.1246
6.1224
6.1202
6.1179
6.1157
6.1135
6.1112
6.1090
6.1067
6.1045
6.1022
6.1000
6.0977
6.0955
6.0932
6.0910
6.0887
6.0865
6.0842
6.0819
6.0797
6.0774
6.0752
6.0729
6.0706
6.0683
6.0661
6.0638
6.0615
6.0593
6.0570
6.0547
6.0524
6.0501
6.0479
6.0456
6.0433
6.0410
6.0387
6.0364
6.0341
6.0318
6.0295
6.0272
6.0249
6.0226
6.0203
6.0180
6.0157
6.0134
6.0111
6.0088
6.0065
6.0042
6.0019
5.9995
5.9972
5.9949
5.9926
5.9903
5.9879
5.9856
5.9833
5.9810
5.9786
5.9763
5.9740
5.9716
5.9693
5.9670
5.9646
5.9623
5.9599
5.9576
5.9552
5.9529
5.9505
5.9482
5.9458
5.9435
5.9411
5.9388
5.9364
5.9340
5.9317
5.9293
5.9269
5.9246
5.9222
5.9198
5.9174
5.9150
5.9127
5.9103
5.9079
5.9055
5.9031
5.9007
5.8983
5.8959
5.8935
5.8911
5.8887
5.8863
5.8839
5.8815
5.8791
5.8766
5.8742
5.8718
5.8694
5.8670
5.8645
5.8621
5.8597
5.8572
5.8548
5.8524
5.8499
5.8475
5.8448
5.8419
5.8388
5.8355
5.8319
5.8281
5.8241
5.8198
5.8153
5.8105
5.8055
5.8002
5.7947
5.7889
5.7827
5.7763
5.7696
5.7626
5.7552
5.7475
5.7394
5.7309
5.7221
5.7128
5.7031
5.6929
5.6823
5.6711
5.6595
5.6473
5.6346
5.6216
5.6082
5.5944
5.5801
5.5654
5.5502
5.5345
5.5183
5.5017
5.4846
5.4670
5.4489
5.4303
5.4113
5.3918
5.3719
5.3515
5.3307
5.3095
5.2879
5.2660
5.2437
5.2211
5.1983
5.1753
5.1521
5.1287
5.1052
5.0816
5.0578
5.0340
5.0102
4.9862
4.9623
4.9383
4.9143
4.8904
4.8664
4.8425
4.8186
4.7947
4.7709
4.7471
4.7234
4.6997
4.6760
4.6524
4.6288
4.6053
4.5817
4.5582
4.5347
4.5112
4.4877
4.4641
4.4406
4.4170
4.3933
4.3696
4.3459
4.3220
4.2981
4.2742
4.2501
4.2260
4.2018
4.1775
4.1532
4.1287
4.1042
4.0797
4.0551
4.0305
4.0059
3.9813
3.9566
3.9320
3.9074
3.8827
3.8581
3.8334
3.8088
3.7841
3.7594
3.7347
3.7100
3.6853
3.6605
3.6358
3.6110
3.5862
3.5613
3.5364
3.5115
3.4866
3.4616
3.4366
3.4116
3.3865
3.3615
3.3364
3.3113
3.2862
3.2610
3.2359
3.2108
3.1857
3.1605
3.1354
3.1102
3.0851
3.0599
3.0348
3.0096
2.9845
2.9593
2.9342
2.9090
2.8838
2.8587
2.8335
2.8084
2.7832
2.7580
2.7329
2.7077
2.6825
2.6574
2.6322
2.6070
2.5819
2.5567
2.5315
2.5063
2.4812
2.4560
2.4308
2.4057
2.3805
2.3553
2.3301
2.3049
2.2798
2.2546
2.2294
2.2042
2.1790
2.1538
2.1287
2.1035
2.0783
2.0531
2.0279
2.0027
1.9775
1.9523
1.9272
1.9020
1.8768
1.8516
1.8264
1.8012
1.7760
1.7508
1.7256
1.7004
1.6752
1.6500
1.6248
1.5996
1.5744
1.5492
1.5240
1.4988
1.4736
1.4484
1.4232
1.3980
1.3728
1.3476
1.3224
1.2972
1.2720
1.2468
1.2216
1.1964
1.1712
1.1460
1.1208
1.0956
1.0705
1.0453
1.0201
0.9949
0.9697
0.9445
0.9193
0.8941
0.8689
0.8437
0.8186
0.7934
0.7682
0.7430
0.7179
0.6927
0.6675
0.6424
0.6172
0.5920
0.5669
0.5417
0.5166
0.4915
0.4663
0.4412
0.4160
0.3909
0.3658
0.3407
0.3156
0.2905
0.2654
0.2403
0.2152
0.1902
0.1651
0.1400
0.1150
0.0899
0.0649
0.0399
0.0149
-0.0101
-0.0351
-0.0601
-0.0850
-0.1100
-0.1349
-0.1598
-0.1847
-0.2096
-0.2344
-0.2593
-0.2841
-0.3089
-0.3337
-0.3585
-0.3832
-0.4079
-0.4326
-0.4573
-0.4819
-0.5065
-0.5311
-0.5557
-0.5802
-0.6047
-0.6291
-0.6535
-0.6779
-0.7022
-0.7265
-0.7508
-0.7750
-0.7991
-0.8232
-0.8473
-0.8713
-0.8952
-0.9191
-0.9429
-0.9667
-0.9904
-1.0140
-1.0376
-1.0611
-1.0845
-1.1078
-1.1311
-1.1543
-1.1774
-1.2004
-1.2233
-1.2461
-1.2688
-1.2914
-1.3139
-1.3364
-1.3586
-1.3808
-1.4029
-1.4248
-1.4466
-1.4683
-1.4899
-1.5113
-1.5326
-1.5537
-1.5747
-1.5956
-1.6163
-1.6368
-1.6572
-1.6774
-1.6975
-1.7174
-1.7371
-1.7566
-1.7760
-1.7951
-1.8141
-1.8329
-1.8516
-1.8700
-1.8882
-1.9063
-1.9241
-1.9417
-1.9592
-1.9764
-1.9934
-2.0103
-2.0269
-2.0433
-2.0595
-2.0755
-2.0912
-2.1068
-2.1222
-2.1373
-2.1522
-2.1670
-2.1815
-2.1958
-2.2099
-2.2237
-2.2374
-2.2509
-2.2641
-2.2772
-2.2901
-2.3027
-2.3152
-2.3274
-2.3395
-2.3514
-2.3631
-2.3746
-2.3859
-2.3970
-2.4079
-2.4187
-2.4293
-2.4397
-2.4500
-2.4601
-2.4700
-2.4797
-2.4893
-2.4988
-2.5080
-2.5172
-2.5262
-2.5350
-2.5437
-2.5523
-2.5607
-2.5690
-2.5771
-2.5852
-2.5931
-2.6009
-2.6085
-2.6161
-2.6235
-2.6308
-2.6380
-2.6451
-2.6521
-2.6590
-2.6658
-2.6725
-2.6791
-2.6856
-2.6921
-2.6984
-2.7046
-2.7108
-2.7169
-2.7229
-2.7288
-2.7322
-2.7358
-2.7397
-2.7437
-2.7480
-2.7524
-2.7569
-2.7616
-2.7664
-2.7714
-2.7765
-2.7818
-2.7871
-2.7927
-2.7983
-2.8041
-2.8100
-2.8160
-2.8222
-2.8285
-2.8349
-2.8415
-2.8482
-2.8550
-2.8619
-2.8689
-2.8759
-2.8830
-2.8902
-2.8974
-2.9045
-2.9118
-2.9190
-2.9264
-2.9337
-2.9411
-2.9484
-2.9557
-2.9630
-2.9701
-2.9771
-2.9840
-2.9907
-2.9971
-3.0033
-3.0092
-3.0148
-3.0200
-3.0249
-3.0293
-3.0333
-3.0368
-3.0398
-3.0423
-3.0442
-3.0457
-3.0467
-3.0473
-3.0476
-3.0476
-3.0472
-3.0465
-3.0455
-3.0442
-3.0426
-3.0408
-3.0388
-3.0365
-3.0340
-3.0314
-3.0287
-3.0258
-3.0228
-3.0198
-3.0167
-3.0136
-3.0105
-3.0075
-3.0045
-3.0015
-2.9987
-2.9960
-2.9935
-2.9912
-2.9890
-2.9870
-2.9853
-2.9839
-2.9827
-2.9819
-2.9814
-2.9812
-2.9814
-2.9820
-2.9830
-2.9845
-2.9864
-2.9888
-2.9917
-2.9952
-2.9992
-3.0038
-3.0090
-3.0146
-3.0208
-3.0272
-3.0340
-3.0411
-3.0483
-3.0557
-3.0632
-3.0708
-3.0784
-3.0861
-3.0937
-3.1014
-3.1090
-3.1166
-3.1241
-3.1314
-3.1387
-3.1457
-3.1526
-3.1593
-3.1658
-3.1720
-3.1779
-3.1836
-3.1891
-3.1944
-3.1995
-3.2043
-3.2090
-3.2136
-3.2180
-3.2222
-3.2264
-3.2304
-3.2344
-3.2383
-3.2421
-3.2459
-3.2496
-3.2533
-3.2570
-3.2606
-3.2643
-3.2679
-3.2716
-3.2752
-3.2789
-3.2826
-3.2863
-3.2900
-3.2937
-3.2975
-3.3012
-3.3050
-3.3088
-3.3126
-3.3164
-3.3203
-3.3241
-3.3280
-3.3318
-3.3357
-3.3396
-3.3435
-3.3473
-3.3512
-3.3551
-3.3589
-3.3628
-3.3667
-3.3705
-3.3743
-3.3782
-3.3820
-3.3858
-3.3896
-3.3934
-3.3971
-3.4009
-3.4046
-3.4084
-3.4121
-3.4158
-3.4195
-3.4232
-3.4269
-3.4306
-3.4343
-3.4379
-3.4416
-3.4452
-3.4488
-3.4524
-3.4561
-3.4597
-3.4633
-3.4669
-3.4705
-3.4741
-3.4776
-3.4812
-3.4848
-3.4884
-3.4919
-3.4955
-3.4991
-3.5026
-3.5062
-3.5097
-3.5133
-3.5168
-3.5204
-3.5239
-3.5275
-3.5310
-3.5346
-3.5381
-3.5417
-3.5452
-3.5487
-3.5523
-3.5558
-3.5593
-3.5629
-3.5664
-3.5699
-3.5734
-3.5770
-3.5805
-3.5840
-3.5875
-3.5911
-3.5946
-3.5981
-3.6016
-3.6051
-3.6086
-3.6121
-3.6157
-3.6192
-3.6227
-3.6262
-3.6297
-3.6332
-3.6367
-3.6402
-3.6437
-3.6472
-3.6507
-3.6543
-3.6578
-3.6613
-3.6648
-3.6683
-3.6718
-3.6753
-3.6788
-3.6823
-3.6858
-3.6893
-3.6928
-3.6963
-3.6998
-3.7033
-3.7069
-3.7104
-3.7139
-3.7174
-3.7209
-3.7244
-3.7279
-3.7314
-3.7350
-3.7385
-3.7420
-3.7455
-3.7490
-3.7525
-3.7560
-3.7596
-3.7631
-3.7666
-3.7701
-3.7737
-3.7772
-3.7807
-3.7842
-3.7878
-3.7913
-3.7948
-3.7983
-3.8019
-3.8054
-3.8089
-3.8125
-3.8160
-3.8195
-3.8231
-3.8266
-3.8302
-3.8337
-3.8373
-3.8408
-3.8443
-3.8479
-3.8514
-3.8550
-3.8586
-3.8621
-3.8657
-3.8692
-3.8728
-3.8763
-3.8799
-3.8835
-3.8870
-3.8906
-3.8942
-3.8977
-3.9013
-3.9049
-3.9085
-3.9120
-3.9156
-3.9192
-3.9228
-3.9264
-3.9300
-3.9335
-3.9371
-3.9407
-3.9443
-3.9479
-3.9515
-3.9551
-3.9587
-3.9623
-3.9659
-3.9695
-3.9731
-3.9767
-3.9803
-3.9840
-3.9876
-3.9912
-3.9948
-3.9984
-4.0021
-4.0057
-4.0093
-4.0129
-4.0166
-4.0202
-4.0238
-4.0275
-4.0311
-4.0348
-4.0384
-4.0421
-4.0457
-4.0494
-4.0530
-4.0567
-4.0603
-4.0640
-4.0676
-4.0713
-4.0750
-4.0786
-4.0823
-4.0860
-4.0896
-4.0933
-4.0970
-4.1006
-4.1043
-4.1080
-4.1117
-4.1154
-4.1191
-4.1227
-4.1264
-4.1301
-4.1338
-4.1375
-4.1412
-4.1449
-4.1486
-4.1523
-4.1560
-4.1597
-4.1634
-4.1671
-4.1709
-4.1746
-4.1783
-4.1820
-4.1857
-4.1894
-4.1932
-4.1969
-4.2006
-4.2044
-4.2081
-4.2118
-4.2156
-4.2193
-4.2230
-4.2268
-4.2305
-4.2343
-4.2380
-4.2418
-4.2455
-4.2493
-4.2530
-4.2568
-4.2606
-4.2643
-4.2681
-4.2719
-4.2758
-4.2801
-4.2845
-4.2892
-4.2942
-4.2994
-4.3049
-4.3108
-4.3169
-4.3235
-4.3304
-4.3378
-4.3456
-4.3539
-4.3628
-4.3722
-4.3822
-4.3929
-4.4042
-4.4161
-4.4287
-4.4421
-4.4562
-4.4710
-4.4867
-4.5031
-4.5203
-4.5384
-4.5572
-4.5769
-4.5973
-4.6184
-4.6400
-4.6622
-4.6851
-4.7084
-4.7323
-4.7566
-4.7813
-4.8062
-4.8314
-4.8568
-4.8824
-4.9081
-4.9340
-4.9600
-4.9860
-5.0121
-5.0383
-5.0644
-5.0905
-5.1166
-5.1426
-5.1685
-5.1943
-5.2201
-5.2456
-5.2711
-5.2964
-5.3215
-5.3465
-5.3713
-5.3958
-5.4202
-5.4444
-5.4683
-5.4920
-5.5154
-5.5386
-5.5616
-5.5842
-5.6066
-5.6287
-5.6506
-5.6721
-5.6935
-5.7145
-5.7354
-5.7560
-5.7764
-5.7966
-5.8165
-5.8362
-5.8558
-5.8751
-5.8942
-5.9131
-5.9319
-5.9504
-5.9687
-5.9869
-6.0048
-6.0226
-6.0401
-6.0575
-6.0746
-6.0916
-6.1083
-6.1249
-6.1412
-6.1574
-6.1733
-6.1891
-6.2046
-6.2199
-6.2351
-6.2500
-6.2647
-6.2792
-6.2936
-6.3077
-6.3216
-6.3353
-6.3488
-6.3621
-6.3752
-6.3882
-6.4009
-6.4134
-6.4258
-6.4380
-6.4500
-6.4618
-6.4734
-6.4849
-6.4961
-6.5073
-6.5182
-6.5290
-6.5396
-6.5501
-6.5604
-6.5706
-6.5806
-6.5904
-6.6001
-6.6097
-6.6192
-6.6285
-6.6376
-6.6467
-6.6556
-6.6644
-6.6731
-6.6816
-6.6900
-6.6984
-6.7066
-6.7147
-6.7227
-6.7306
-6.7384
-6.7461
-6.7537
-6.7612
-6.7686
-6.7760
-6.7832
-6.7904
-6.7975
-6.8045
