1.57079633 
1.57079633 
1.57079633 
1.57079633 
1.57079633 
1.57079633 
1.57079633 
1.57079633 
1.57079633 
1.57079633 
1.57079633 
1.57079633 
1.57079633 
1.57079633 
1.57079633 
1.57079633 
1.57079633 
1.57079633 
1.57079633 
1.57079633 
1.57079633 
1.57079633 
1.57079633 
1.57079633 
1.57079633 
1.57079633 
1.57079633 
1.57079633 
1.57079633 
1.57079633 
1.57079633 
1.57079633 
1.57079633 
1.57079633 
1.57079633 
1.57079633 
1.57079633 
1.57079633 
1.57079633 
1.57079633 
1.57079633 
1.57079633 
1.57079633 
1.57079633 
1.57079633 
1.57079633 
1.57079633 
1.57079633 
1.57079633 
1.57079633 
1.57079633 
1.57079633 
1.57079633 
1.57079633 
1.57079633 
1.57079633 
1.57079633 
1.57079633 
1.57079633 
1.57079633 
1.57079633 
1.57079633 
1.57079633 
1.57079633 
1.57079633 
1.57079633 
1.57079633 
1.57079633 
1.57079633 
1.57079633 
1.57079633 
1.57079633 
1.57079633 
1.57079633 
1.57079633 
1.57079633 
1.57079633 
1.57079633 
1.57079633 
1.57079633 
1.57079633 
1.57079633 
1.57079633 
1.57079633 
1.57079633 
1.57079633 
1.57079633 
1.57079633 
1.57079633 
1.57079633 
1.57079633 
1.57079633 
1.57079633 
1.57079633 
1.57079633 
1.57079633 
1.57079633 
1.57079633 
1.57079633 
1.57079633 
1.57079633 
1.57079633 
1.57079633 
1.57079633 
1.57079633 
1.57079633 
1.57079633 
1.57079633 
1.57079633 
1.57079633 
1.57079633 
1.57079633 
1.57079633 
1.57079633 
1.57079633 
1.57079633 
1.57079633 
1.57079633 
1.57079633 
1.57079633 
1.57079633 
1.57079633 
1.57079633 
1.57079633 
1.57079633 
1.57079633 
1.57079633 
1.57079633 
1.57079633 
1.57079633 
1.57079633 
1.57079633 
1.57079633 
1.57079633 
1.57079633 
1.57079633 
1.57079633 
1.57079633 
1.57079633 
1.57079633 
1.57079633 
1.57079633 
1.57079633 
1.57079633 
1.57079633 
1.57079633 
1.57079633 
1.57079633 
1.57079633 
1.57079633 
1.57079633 
1.57079633 
1.57079633 
1.57079633 
1.57079633 
1.57079633 
1.57079633 
1.57079633 
1.57079633 
1.57079633 
1.57079633 
1.57079633 
1.57079633 
1.57079633 
1.57079633 
1.57079633 
1.57079633 
1.57079633 
1.57079633 
1.57079633 
1.57079633 
1.57079633 
1.57079633 
1.57079633 
1.57079633 
1.57079633 
1.57079633 
1.57079633 
1.57079633 
1.57079633 
1.57079633 
1.57079633 
1.57079633 
1.57079633 
1.57079633 
1.57079633 
1.57079633 
1.57079633 
1.57079633 
1.57079633 
1.57079633 
1.57079633 
1.57079633 
1.57079633 
1.57079633 
1.57079633 
1.57079633 
1.57079633 
1.57079633 
1.57079633 
1.57079633 
1.57079633 
1.57079633 
1.57079633 
1.57079633 
1.57079633 
1.57079633 
1.57079633 
1.57079633 
1.57079633 
1.57079633 
1.57079633 
1.57079633 
1.57079633 
1.57079633 
1.57079633 
1.57079633 
1.57079633 
1.57079633 
1.57079633 
1.57079633 
1.57079633 
1.57079633 
1.57079633 
1.57079633 
1.57079633 
1.57079633 
1.57079633 
1.57079633 
1.57079633 
1.57079633 
1.57079633 
1.57079633 
1.57079633 
1.57079633 
1.57079633 
1.57079633 
1.57079633 
1.57079633 
1.57079633 
1.57079633 
1.57079633 
1.57079633 
1.57079633 
1.57079633 
1.57079633 
1.57079633 
1.57079633 
1.57079633 
1.57079633 
1.57079633 
1.57079633 
1.57079633 
1.57079633 
1.57079633 
1.57079633 
1.57079633 
1.57079633 
1.57079633 
1.57079633 
1.57079633 
1.57079633 
1.57079633 
1.57079633 
1.57079633 
1.57079633 
1.57079633 
1.57079633 
1.57079633 
1.57079633 
1.57079633 
1.57079633 
1.57079633 
1.57079633 
1.57079633 
1.57079633 
1.57079633 
1.57079633 
1.57079633 
1.57079633 
1.57079633 
1.57079633 
1.57079633 
1.57079633 
1.57079633 
1.57079633 
1.57079633 
1.57079633 
1.57079633 
1.57079633 
1.57079633 
1.57079633 
1.57079633 
1.57079633 
1.57079633 
1.57079633 
1.57079633 
1.57079633 
1.57079633 
1.57079633 
1.57079633 
1.57079633 
1.57079633 
1.57079633 
1.57079633 
1.57079633 
1.57079633 
1.57079633 
1.57079633 
1.57079633 
1.57079633 
1.57079633 
1.57079633 
1.57079633 
1.57079633 
1.57079633 
1.57079633 
1.57079633 
1.57079633 
1.57079633 
1.57079633 
1.57079633 
1.57079633 
1.57079633 
1.57079633 
1.57079633 
1.57079633 
1.57079633 
1.57079633 
1.57079633 
1.57079633 
1.57079633 
1.57079633 
1.57079633 
1.57079633 
1.57079633 
1.57079633 
1.57079633 
1.57079633 
1.57079633 
1.57079633 
1.57079633 
1.57079633 
1.57079633 
1.57079633 
1.57079633 
1.57079633 
1.57079633 
1.57079633 
1.57079633 
1.57079633 
1.57079633 
1.57079633 
1.57079633 
1.57079633 
1.57079633 
1.57079633 
1.57079633 
1.57079633 
1.57079633 
1.57079633 
1.57079633 
1.57079633 
1.57079633 
1.57079633 
1.57079633 
1.57079633 
1.57079633 
1.57079633 
1.57079633 
1.57079633 
1.57079633 
1.57079633 
1.57079633 
1.57079633 
1.57079633 
1.57079633 
1.57079633 
1.57079633 
1.57079633 
1.57079633 
1.57079633 
1.57079633 
1.57079633 
1.57079633 
1.57079633 
1.57079633 
1.57079633 
1.57079633 
1.57079633 
1.57079633 
1.57079633 
1.57079633 
1.57079633 
1.57079633 
1.57079633 
1.57079633 
1.57079633 
1.57079633 
1.57079633 
1.57079633 
1.57079633 
1.57079633 
1.57079633 
1.57079633 
1.57079633 
1.57079633 
1.57079633 
1.57079633 
1.57079633 
1.57079633 
1.57079633 
1.57025183 
1.56916283 
1.56752933 
1.56535133 
1.56262883 
1.55936183 
1.55555033 
1.55119433 
1.54629383 
1.54084883 
1.53485933 
1.52832533 
1.52124683 
1.51362383 
1.50545632 
1.49674434 
1.48748783 
1.47768683 
1.46734133 
1.45645132 
1.44501683 
1.43303783 
1.42051433 
1.40744631 
1.39383382 
1.37967682 
1.36497532 
1.34972932 
1.33393882 
1.31760384 
1.30110382 
1.28460382 
1.26810382 
1.25160383 
1.23510383 
1.21860384 
1.20210384 
1.18560378 
1.16910379 
1.15260379 
1.13610379 
1.11960383 
1.10310383 
1.08660384 
1.07010384 
1.05360384 
1.03710385 
1.02060379 
1.00410386 
0.98760380 
0.97110386 
0.95460381 
0.93810387 
0.92160387 
0.90510388 
0.88860388 
0.87210377 
0.85560383 
0.83910383 
0.82260390 
0.80610384 
0.78960385 
0.77310379 
0.75660385 
0.74010386 
0.72360386 
0.70710380 
0.69060375 
0.67410387 
0.65760376 
0.64110382 
0.62460382 
0.60810377 
0.59160383 
0.57510378 
0.55860384 
0.54210384 
0.52560385 
0.50910385 
0.49260385 
0.47610386 
0.45960386 
0.44310387 
0.42660375 
0.41010375 
0.39360388 
0.37710376 
0.36060377 
0.34410377 
0.32760377 
0.31110390 
0.29460390 
0.27810378 
0.26160379 
0.24510379 
0.22860380 
0.21210380 
0.19560380 
0.17910381 
0.16260381 
0.14610382 
0.12960382 
0.11310382 
0.09660383 
0.08010383 
0.06360383 
0.04710384 
0.03060384 
0.01410385 
-0.00239615 
-0.01889615 
-0.03539614 
-0.05189614 
-0.06839614 
-0.08489613 
-0.10128371 
-0.11728851 
-0.13274865 
-0.14766435 
-0.16203563 
-0.17586236 
-0.18914454 
-0.20188229 
-0.21407549 
-0.22572426 
-0.23682849 
-0.24738817 
-0.25740342 
-0.26687412 
-0.27580039 
-0.28418212 
-0.29201941 
-0.29931204 
-0.30606036 
-0.31226401 
-0.31792323 
-0.32303803 
-0.32760827 
-0.33163397 
-0.33511524 
-0.33805196 
-0.34044413 
-0.34229188 
-0.34359507 
-0.34435384 
-0.34456806 
-0.34423773 
-0.34336297 
-0.34194378 
-0.33997993 
-0.33747165 
-0.33441894 
-0.33082156 
-0.32667987 
-0.32199363 
-0.31676285 
-0.31098752 
-0.30466775 
-0.29780356 
-0.29039471 
-0.28244142 
-0.27394371 
-0.26490144 
-0.25531463 
-0.24518339 
-0.23450760 
-0.22328727 
-0.21152262 
-0.19921331 
-0.18635957 
-0.17296128 
-0.15901844 
-0.14474921 
-0.13038938 
-0.11614661 
-0.10220115 
-0.08870689 
-0.07575695 
-0.06335167 
-0.05149083 
-0.04017441 
-0.02940266 
-0.01917522 
-0.00949244 
-0.00035410 
0.00823982 
0.01628919 
0.02379401 
0.03075428 
0.03717025 
0.04304154 
0.04836841 
0.05315073 
0.05738862 
0.06108196 
0.06423076 
0.06683512 
0.06889494 
0.07041033 
0.07138117 
0.07180746 
0.07168932 
0.07102676 
0.06981953 
0.06806786 
0.06577177 
0.06293114 
0.05954595 
0.05561634 
0.05114217 
0.04622288 
0.04098339 
0.03553708 
0.02998479 
0.02441569 
0.01890786 
0.01352783 
0.00833173 
0.00336631 
-0.00133161 
-0.00573318 
-0.00981741 
-0.01357035 
-0.01698427 
-0.02005689 
-0.02279083 
-0.02519290 
-0.02727298 
-0.02904431 
-0.03052203 
-0.03172330 
-0.03266637 
-0.03337066 
-0.03385584 
-0.03414170 
-0.03424816 
-0.03419439 
-0.03399937 
-0.03368108 
-0.03325681 
-0.03274266 
-0.03215377 
-0.03150420 
-0.03080706 
-0.03007381 
-0.02931540 
-0.02854125 
-0.02775983 
-0.02697866 
-0.02620415 
-0.02544193 
-0.02469651 
-0.02397196 
-0.02327149 
-0.02259748 
-0.02195172 
-0.02133588 
-0.02075069 
-0.02019648 
-0.01967363 
-0.01918165 
-0.01872031 
-0.01828889 
-0.01788632 
-0.01751177 
-0.01716404 
-0.01684193 
-0.01654427 
-0.01626961 
-0.01601665 
-0.01578407 
-0.01557057 
-0.01537494 
-0.01519589 
-0.01503234 
-0.01488285 
-0.01474659 
-0.01462237 
-0.01450924 
-0.01440625 
-0.01431255 
-0.01422743 
-0.01414995 
-0.01407961 
-0.01401560 
-0.01395731 
-0.01390438 
-0.01385610 
-0.01381211 
-0.01377194 
-0.01373534 
-0.01370184 
-0.01367108 
-0.01364295 
-0.01361708 
-0.01359324 
-0.01357119 
-0.01355092 
-0.01353197 
-0.01351444 
-0.01349811 
-0.01348285 
-0.01346855 
-0.01345508 
-0.01344244 
-0.01343052 
-0.01341931 
-0.01340859 
-0.01339845 
-0.01338880 
-0.01337962 
-0.01337080 
-0.01336245 
-0.01335435 
-0.01334660 
-0.01333921 
-0.01333205 
-0.01332514 
-0.01331846 
-0.01331203 
-0.01330583 
-0.01329987 
-0.01329403 
-0.01328842 
-0.01328294 
-0.01327769 
-0.01327257 
-0.01381712 
-0.01490609 
-0.01653962 
-0.01871757 
-0.02144007 
-0.02470712 
-0.02851860 
-0.03287463 
-0.03777508 
-0.04322009 
-0.04920964 
-0.05574362 
-0.06282203 
-0.07044510 
-0.07861261 
-0.08732454 
-0.09658103 
-0.10638206 
-0.11672763 
-0.12761752 
-0.13905208 
-0.15103106 
-0.16355459 
-0.17662255 
-0.19023506 
-0.20439212 
-0.21909360 
-0.23433964 
-0.25013010 
-0.26646511 
-0.28296511 
-0.29946510 
-0.31596510 
-0.33246510 
-0.34896509 
-0.36546509 
-0.38196508 
-0.39846508 
-0.41496508 
-0.43146507 
-0.44796507 
-0.46446507 
-0.48096506 
-0.49746506 
-0.51396505 
-0.53046505 
-0.54696505 
-0.56346504 
-0.57996504 
-0.59646504 
-0.61296503 
-0.62946503 
-0.64596502 
-0.66246502 
-0.67896502 
-0.69546501 
-0.71196525 
-0.72846500 
-0.74496500 
-0.76146500 
-0.77796499 
-0.79446499 
-0.81096499 
-0.82746498 
-0.84396498 
-0.86046521 
-0.87696497 
-0.89346521 
-0.90996496 
-0.92646520 
-0.94296519 
-0.95946519 
-0.97596495 
-0.99246518 
-1.00896518 
-1.02546517 
-1.04196517 
-1.05846493 
-1.07496516 
-1.09146516 
-1.10796516 
-1.12446515 
-1.14096515 
-1.15746514 
-1.17396514 
-1.19046514 
-1.20696513 
-1.22346513 
-1.23996512 
-1.25646512 
-1.27296512 
-1.28946511 
-1.30596511 
-1.32246511 
-1.33896510 
-1.35546510 
-1.37196509 
-1.38846509 
-1.40496509 
-1.42146508 
-1.43796508 
-1.45446508 
-1.47096507 
-1.48746507 
-1.50396506 
-1.52046506 
-1.53696506 
-1.55346505 
-1.56996505 
-1.58646528 
-1.60296528 
-1.61946528 
-1.63596527 
-1.65246527 
-1.66893022 
-1.68508808 
-1.70070688 
-1.71578114 
-1.73031084 
-1.74429600 
-1.75773661 
-1.77063291 
-1.78298466 
-1.79479162 
-1.80605452 
-1.81677262 
-1.82694618 
-1.83657543 
-1.84566013 
-1.85420029 
-1.86219613 
-1.86964719 
-1.87655394 
-1.88291614 
-1.88873379 
-1.89400713 
-1.89873569 
-1.90291993 
-1.90655963 
-1.90965478 
-1.91220538 
-1.91421167 
-1.91567342 
-1.91659062 
-1.91696326 
-1.91679160 
-1.91607515 
-1.91481440 
-1.91300909 
-1.91065924 
-1.90776484 
-1.90432612 
-1.90034287 
-1.89581506 
-1.89074270 
-1.88512580 
-1.87896459 
-1.87225883 
-1.86500852 
-1.85721366 
-1.84887449 
-1.83999054 
-1.83056228 
-1.82058947 
-1.81007211 
-1.79901044 
-1.78740398 
-1.77525322 
-1.76255791 
-1.74938409 
-1.73594372 
-1.72242515 
-1.70899193 
-1.69578521 
-1.68292491 
-1.67051022 
-1.65862243 
-1.64727919 
-1.63648026 
-1.62622587 
-1.61651628 
-1.60735075 
-1.59873001 
-1.59065382 
-1.58312194 
-1.57613461 
-1.56969158 
-1.56379335 
-1.55843942 
-1.55363004 
-1.54936521 
-1.54564492 
-1.54246919 
-1.53983776 
-1.53775112 
-1.53620879 
-1.53521101 
-1.53469770 
-1.53460853 
-1.53488724 
-1.53548185 
-1.53634398 
-1.53743021 
-1.53870051 
-1.54011886 
-1.54165284 
-1.54327409 
-1.54495685 
-1.54667871 
-1.54842035 
-1.55016510 
-1.55189864 
-1.55360834 
-1.55528466 
-1.55691902 
-1.55850474 
-1.56003658 
-1.56151049 
-1.56292383 
-1.56427471 
-1.56556193 
-1.56678526 
-1.56794517 
-1.56904213 
-1.57007758 
-1.57105319 
-1.57197063 
-1.57283179 
-1.57363908 
-1.57439487 
-1.57510154 
-1.57576148 
-1.57637708 
-1.57695071 
-1.57748501 
-1.57798211 
-1.57844417 
-1.57887380 
-1.57927267 
-1.57964270 
-1.57998650 
-1.58030502 
-1.58060066 
-1.58087484 
-1.58112900 
-1.58136456 
-1.58158295 
-1.58178560 
-1.58197348 
-1.58214800 
-1.58230965 
-1.58245985 
-1.58259933 
-1.58272903 
-1.58284943 
-1.58296148 
-1.58306567 
-1.58316295 
-1.58325355 
-1.58333795 
-1.58341662 
-1.58349030 
-1.58355920 
-1.58362381 
-1.58368413 
-1.58374064 
-1.58428518 
-1.58537428 
-1.58700769 
-1.58918564 
-1.59190814 
-1.59517519 
-1.59898679 
-1.60334270 
-1.60824315 
-1.61368816 
-1.61967771 
-1.62621181 
-1.63329022 
-1.64091317 
-1.64908068 
-1.65779273 
-1.66704933 
-1.67685024 
-1.68719570 
-1.69808571 
-1.70952026 
-1.72149913 
-1.73402278 
-1.74709074 
-1.76070325 
-1.77486031 
-1.78956167 
-1.80480783 
-1.82059829 
-1.83693330 
-1.85343330 
-1.86993329 
-1.88643329 
-1.90293328 
-1.91943328 
-1.93593328 
-1.95243327 
-1.96893327 
-1.98543326 
-2.00193326 
-2.01843326 
-2.03493325 
-2.05143325 
-2.06793325 
-2.08443324 
-2.10093324 
-2.11743323 
-2.13393323 
-2.15043323 
-2.16693322 
-2.18343322 
-2.19993321 
-2.21643321 
-2.23293321 
-2.24943320 
-2.26593320 
-2.28243320 
-2.29893319 
-2.31543319 
-2.33193318 
-2.34843318 
-2.36493318 
-2.38143317 
-2.39793317 
-2.41443317 
-2.43093316 
-2.44743316 
-2.46393363 
-2.48043315 
-2.49693315 
-2.51343314 
-2.52993314 
-2.54643313 
-2.56293313 
-2.57943313 
-2.59593312 
-2.61243312 
-2.62893312 
-2.64543311 
-2.66193359 
-2.67843310 
-2.69493358 
-2.71143310 
-2.72793357 
-2.74443309 
-2.76093309 
-2.77743308 
-2.79393355 
-2.81043307 
-2.82693307 
-2.84343307 
-2.85993306 
-2.87643306 
-2.89293353 
-2.90943305 
-2.92593305 
-2.94243304 
-2.95893352 
-2.97543304 
-2.99193351 
-3.00843303 
-3.02493350 
-3.04143302 
-3.05793349 
-3.07443301 
-3.09093349 
-3.10743301 
-3.12393348 
-3.14043300 
-3.15693347 
-3.17343299 
-3.18993346 
-3.20643298 
-3.22293346 
-3.23939626 
-3.25553958 
-3.27113883 
-3.28619306 
-3.30070321 
-3.31466834 
-3.32808940 
-3.34096591 
-3.35329787 
-3.36508529 
-3.37632815 
-3.38702647 
-3.39718024 
-3.40678994 
-3.41585462 
-3.42437522 
-3.43235128 
-3.43978278 
-3.44666926 
-3.45301215 
-3.45880954 
-3.46406333 
-3.46877210 
-3.47293632 
-3.47655646 
-3.47963206 
-3.48216312 
-3.48414914 
-3.48559110 
-3.48648851 
-3.48684136 
-3.48665015 
-3.48591392 
-3.48463313 
-3.48280828 
-3.48043887 
-3.47752444 
-3.47406594 
-3.47006290 
-3.46551530 
-3.46042316 
-3.45478694 
-3.44860570 
-3.44187991 
-3.43461005 
-3.42679517 
-3.41843621 
-3.40953271 
-3.40008466 
-3.39009206 
-3.37955491 
-3.36847322 
-3.35684745 
-3.34467666 
-3.33196132 
-3.31870191 
-3.30489795 
-3.29062335 
-3.27613847 
-3.26167266 
-3.24742858 
-3.23357980 
-3.22027270 
-3.20751016 
-3.19529216 
-3.18361871 
-3.17248981 
-3.16190497 
-3.15186517 
-3.14236991 
-3.13341872 
-3.12501208 
-3.11714999 
-3.10983245 
-3.10305945 
-3.09683101 
-3.09114711 
-3.08600776 
-3.08141248 
-3.07736222 
-3.07385604 
-3.07089488 
-3.06847732 
-3.06660525 
-3.06527679 
-3.06449382 
-3.06425445 
-3.06456010 
-3.06541030 
-3.06680457 
-3.06874339 
-3.07122676 
-3.07425515 
-3.07782762 
-3.08194463 
-3.08660571 
-3.09181182 
-3.09748523 
-3.10347955 
-3.10966174 
-3.11591403 
-3.12213008 
-3.12822024 
-3.13410585 
-3.13972251 
-3.14501636 
-3.14994685 
-3.15448253 
-3.15860240 
-3.16229360 
-3.16555135 
-3.16837756 
-3.17078130 
-3.17277543 
-3.17437760 
-3.17560927 
-3.17649381 
-3.17705791 
-3.17732923 
-3.17733543 
-3.17710559 
-3.17666833 
-3.17605178 
-3.17528216 
-3.17438666 
-3.17338960 
-3.17231433 
-3.17118136 
-3.17001073 
-3.16882054 
-3.16762654 
-3.16644208 
-3.16528003 
-3.16415088 
-3.16306274 
-3.16202275 
-3.16103618 
-3.16010825 
-3.15924041 
-3.15843455 
-3.15769164 
-3.15701167 
-3.15639274 
-3.15583293 
-3.15533034 
-3.15488212 
-3.15448443 
-3.15413444 
-3.15382735 
-3.15356032 
-3.15332954 
-3.15313022 
-3.15295856 
-3.15281169 
-3.15268581 
-3.15257756 
-3.15248363 
-3.15240066 
-3.15232675 
-3.15225904 
-3.15219562 
-3.15213410 
-3.15207355 
-3.15201156 
-3.15194766 
-3.15187995 
-3.15180890 
-3.15173356 
-3.15165298 
-3.15156667 
-3.15147559 
-3.15137879 
-3.15127675 
-3.15116994 
-3.15105788 
-3.15094153 
-3.15082137 
-3.15069739 
-3.15057056 
-3.15044086 
-3.15030877 
-3.15017478 
-3.15003984 
-3.14990394 
-3.14976756 
-3.14963166 
-3.14949576 
-3.14936130 
-3.14922731 
-3.14909474 
-3.14896409 
-3.14883487 
-3.14870803 
-3.14858358 
-3.14846150 
-3.14834182 
-3.14822452 
-3.14810960 
-3.14799754 
-3.14788835 
-3.14778153 
-3.14767711 
-3.14757554 
-3.14747636 
-3.14737956 
-3.14728515 
-3.14719264 
-3.14710300 
-3.14701478 
-3.14692895 
-3.14684503 
-3.14676253 
-3.14668243 
-3.14660375 
-3.14652650 
-3.14645068 
-3.14637630 
-3.14630334 
-3.14623134 
-3.14616124 
-3.14609162 
-3.14602344 
-3.14595668 
-3.14589040 
-3.14582507 
-3.14576118 
-3.14569776 
-3.14563529 
-3.14557378 
-3.14551322 
-3.14545314 
-3.14539401 
-3.14533584 
-3.14527862 
-3.14522187 
-3.14516608 
-3.14511077 
-3.14505641 
-3.14500300 
-3.14495008 
-3.14489810 
-3.14484660 
-3.14479606 
-3.14474647 
-3.14469735 
-3.14464871 
-3.14460103 
-3.14455430 
-3.14450805 
-3.14446275 
-3.14441793 
-3.14437358 
-3.14433066 
-3.14428775 
-3.14424579 
-3.14420430 
-3.14416377 
-3.14412372 
-3.14408414 
-3.14404552 
-3.14400737 
-3.14397018 
-3.14393298 
-3.14389674 
-3.14386098 
-3.14382617 
-3.14379136 
-3.14375751 
-3.14372413 
-3.14369075 
-3.14365832 
-3.14362685 
-3.14359538 
-3.14356439 
-3.14353435 
-3.14350431 
-3.14347522 
-3.14344613 
-3.14341752 
-3.14338939 
-3.14336221 
-3.14333503 
-3.14330833 
-3.14328210 
-3.14325635 
-3.14323060 
-3.14320581 
-3.14318101 
-3.14315669 
-3.14313285 
-3.14310948 
-3.14308660 
-3.14306371 
-3.14304130 
-3.14301936 
-3.14299790 
-3.14297645 
-3.14295547 
-3.14293496 
-3.14291446 
-3.14289443 
-3.14287488 
-3.14285581 
-3.14283673 
-3.14281814 
-3.14279954 
-3.14278142 
-3.14276378 
-3.14274613 
-3.14272897 
-3.14271180 
-3.14269511 
-3.14267890 
-3.14266269 
-3.14264695 
-3.14263122 
-3.14261596 
-3.14260070 
-3.14258592 
-3.14257114 
-3.14255683 
-3.14254300 
-3.14252917 
-3.14251535 
-3.14250199 
-3.14248912 
-3.14247577 
-3.14246337 
-3.14245097 
-3.14243857 
-3.14242618 
-3.14241473 
-3.14240281 
-3.14239137 
-3.14237992 
-3.14236896 
-3.14235799 
-3.14234750 
-3.14233701 
-3.14232652 
-3.14231650 
-3.14230649 
-3.14229648 
-3.14228694 
-3.14227740 
-3.14226834 
-3.14225928 
-3.14225022 
-3.14224164 
-3.14223306 
-3.14222447 
-3.14221637 
-3.14220826 
-3.14220016 
-3.14219253 
-3.14218490 
-3.14217727 
-3.14216964 
-3.14216249 
-3.14215533 
-3.14214866 
-3.14214151 
-3.14213483 
-3.14212863 
-3.14212195 
-3.14211576 
-3.14210956 
-3.14210336 
-3.14209764 
-3.14209191 
-3.14208619 
-3.14208047 
-3.14207522 
-3.14206998 
-3.14206473 
-3.14205949 
-3.14205472 
-3.14204995 
-3.14204518 
-3.14204089 
-3.14203612 
-3.14203183 
-3.14202754 
-3.14202373 
-3.14201991 
-3.14201610 
-3.14201228 
-3.14200847 
-3.14200513 
-3.14200179 
-3.14199845 
-3.14199512 
-3.14199226 
-3.14198939 
-3.14198653 
-3.14198367 
-3.14198081 
-3.14197843 
-3.14197604 
-3.14197366 
-3.14197127 
-3.14196889 
-3.14196698 
-3.14196460 
-3.14196269 
-3.14196078 
-3.14195935 
-3.14195745 
-3.14195602 
-3.14195411 
-3.14195268 
-3.14195125 
-3.14194982 
-3.14194839 
-3.14194696 
-3.14194600 
-3.14194457 
-3.14194362 
-3.14194219 
-3.14194123 
-3.14194028 
-3.14193933 
-3.14193837 
-3.14193742 
-3.14193647 
-3.14193599 
-3.14193503 
-3.14193408 
-3.14193313 
-3.14193265 
-3.14193217 
-3.14193122 
-3.14193074 
-3.14193027 
-3.14192931 
-3.14192884 
-3.14192836 
-3.14192788 
-3.14192741 
-3.14192693 
-3.14192645 
-3.14192597 
-3.14192550 
-3.14192550 
-3.14192454 
-3.14192454 
-3.14192407 
-3.14192359 
-3.14192359 
-3.14192311 
-3.14192264 
-3.14192264 
-3.14192216 
-3.14192168 
-3.14192168 
-3.14137714 
-3.14028804 
-3.13865439 
-3.13647668 
-3.13375394 
-3.13048713 
-3.12667577 
-3.12231986 
-3.11741893 
-3.11197393 
-3.10598437 
-3.09945075 
-3.09237210 
-3.08474891 
-3.07658164 
-3.06786983 
-3.05861299 
-3.04881208 
-3.03846662 
-3.02757661 
-3.01614205 
-3.00416295 
-2.99163978 
-2.97857158 
-2.96495883 
-2.95080201 
-2.93610065 
-2.92085473 
-2.90506427 
-2.88872926 
-2.87222926 
-2.85572927 
-2.83922927 
-2.82272927 
-2.80622928 
-2.78972880 
-2.77322929 
-2.75672929 
-2.74022929 
-2.72372930 
-2.70722930 
-2.69072883 
-2.67422931 
-2.65772883 
-2.64122932 
-2.62472884 
-2.60822932 
-2.59172885 
-2.57522933 
-2.55872886 
-2.54222934 
-2.52572887 
-2.50922935 
-2.49272887 
-2.47622935 
-2.45972888 
-2.44322936 
-2.42672913 
-2.41022913 
-2.39372913 
-2.37722914 
-2.36072914 
-2.34422915 
-2.32772915 
-2.31122915 
-2.29472916 
-2.27822916 
-2.26172916 
-2.24522917 
-2.22872917 
-2.21222894 
-2.19572918 
-2.17922918 
-2.16272919 
-2.14622895 
-2.12972920 
-2.11322896 
-2.09672920 
-2.08022897 
-2.06372897 
-2.04722898 
-2.03072922 
-2.01422922 
-1.99772899 
-1.98122899 
-1.96472900 
-1.94822900 
-1.93172924 
-1.91522901 
-1.89872901 
-1.88222901 
-1.86572902 
-1.84922902 
-1.83272903 
-1.81622903 
-1.79972903 
-1.78322904 
-1.76672904 
-1.75022904 
-1.73372905 
-1.71722905 
-1.70072906 
-1.68422906 
-1.66772906 
-1.65122907 
-1.63472907 
-1.61822908 
-1.60172908 
-1.58522908 
-1.56872885 
-1.55222885 
-1.53572886 
-1.51922886 
-1.50272886 
-1.48622887 
-1.46982686 
-1.45378534 
-1.43828814 
-1.42333572 
-1.40892760 
-1.39506404 
-1.38174479 
-1.36897032 
-1.35674016 
-1.34505455 
-1.33391349 
-1.32331698 
-1.31326501 
-1.30375735 
-1.29479425 
-1.28637569 
-1.27850167 
-1.27117197 
-1.26438682 
-1.25814645 
-1.25245015 
-1.24729864 
-1.24269168 
-1.23862903 
-1.23511092 
-1.23213737 
-1.22970836 
-1.22782366 
-1.22648375 
-1.22568814 
-1.22543709 
-1.22573034 
-1.22656838 
-1.22795074 
-1.22987763 
-1.23234908 
-1.23536508 
-1.23892538 
-1.24303047 
-1.24767987 
-1.25287382 
-1.25861208 
-1.26489513 
-1.27172248 
-1.27909438 
-1.28701083 
-1.29547183 
-1.30447714 
-1.31402700 
-1.32412140 
-1.33476035 
-1.34594385 
-1.35767166 
-1.36994426 
-1.38276116 
-1.39599864 
-1.40945141 
-1.42293827 
-1.43630187 
-1.44940679 
-1.46213929 
-1.47440474 
-1.48612730 
-1.49730508 
-1.50793855 
-1.51802747 
-1.52757184 
-1.53657190 
-1.54502718 
-1.55293815 
-1.56030457 
-1.56712644 
-1.57340400 
-1.57913701 
-1.58432548 
-1.58896939 
-1.59306876 
-1.59662358 
-1.59963410 
-1.60210006 
-1.60402147 
-1.60539834 
-1.60625355 
-1.60664908 
-1.60664289 
-1.60628955 
-1.60563891 
-1.60473673 
-1.60362522 
-1.60234229 
-1.60092227 
-1.59939615 
-1.59779088 
-1.59613077 
-1.59443705 
-1.59272806 
-1.59101979 
-1.58932535 
-1.58765618 
-1.58602206 
-1.58443062 
-1.58288805 
-1.58139889 
-1.57996695 
-1.57859485 
-1.57728426 
-1.57603590 
-1.57484977 
-1.57372562 
-1.57266275 
-1.57165973 
-1.57071488 
-1.56982629 
-1.56899230 
-1.56821053 
-1.56747858 
-1.56679408 
-1.56615488 
-1.56555836 
-1.56500237 
-1.56448476 
-1.56400268 
-1.56355445 
-1.56313769 
-1.56275074 
-1.56239121 
-1.56205742 
-1.56174748 
-1.56146018 
-1.56119339 
-1.56094591 
-1.56071632 
-1.56050317 
-1.56030552 
-1.56012194 
-1.55995171 
-1.55979340 
-1.55964629 
-1.55950968 
-1.55938260 
-1.55926435 
-1.55915420 
-1.55905168 
-1.55895607 
-1.55886690 
-1.55878346 
-1.55870573 
-1.55863278 
-1.55856459 
-1.55850069 
-1.55844085 
-1.55838458 
-1.55784003 
-1.55675118 
-1.55511753 
-1.55293958 
-1.55021708 
-1.54695003 
-1.54313867 
-1.53878252 
-1.53388207 
-1.52843706 
-1.52244751 
-1.51591365 
-1.50883500 
-1.50121204 
-1.49304454 
-1.48433249 
-1.47507612 
-1.46527521 
-1.45492951 
-1.44403951 
-1.43260519 
-1.42062609 
-1.40810268 
-1.39503448 
-1.38142221 
-1.36726515 
-1.35256354 
-1.33731763 
-1.32152717 
-1.30519216 
-1.28869216 
-1.27219216 
-1.25569217 
-1.23919217 
-1.22269218 
-1.20619218 
-1.18969218 
-1.17319219 
-1.15669219 
-1.14019219 
-1.12369220 
-1.10719220 
-1.09069221 
-1.07419221 
-1.05769198 
-1.04119222 
-1.02469198 
-1.00819199 
-0.99169199 
-0.97519199 
-0.95869200 
-0.94219224 
-0.92569201 
-0.90919201 
-0.89269225 
-0.87619202 
-0.85969226 
-0.84319203 
-0.82669203 
-0.81019227 
-0.79369204 
-0.77719228 
-0.76069204 
-0.74419205 
-0.72769205 
-0.71119206 
-0.69469206 
-0.67819206 
-0.66169207 
-0.64519207 
-0.62869207 
-0.61219208 
-0.59569208 
-0.57919209 
-0.56269209 
-0.54619209 
-0.52969210 
-0.51319210 
-0.49669211 
-0.48019211 
-0.46369211 
-0.44719212 
-0.43069212 
-0.41419212 
-0.39769213 
-0.38119213 
-0.36469214 
-0.34819214 
-0.33169202 
-0.31519215 
-0.29869215 
-0.28219215 
-0.26569204 
-0.24919216 
-0.23269205 
-0.21619205 
-0.19969205 
-0.18319218 
-0.16669206 
-0.15019207 
-0.13369207 
-0.11719207 
-0.10069208 
-0.08419208 
-0.06769209 
-0.05119209 
-0.03469209 
-0.01819210 
-0.00169210 
0.01480790 
0.03130789 
0.04780789 
0.06430788 
0.08080788 
0.09728439 
0.11345418 
0.12907954 
0.14416035 
0.15869661 
0.17268844 
0.18613561 
0.19903846 
0.21139677 
0.22321053 
0.23447986 
0.24520464 
0.25538488 
0.26502068 
0.27411206 
0.28265877 
0.29066105 
0.29811879 
0.30503221 
0.31140097 
0.31722517 
0.32250507 
0.32724030 
0.33143111 
0.33507736 
0.33817919 
0.34073646 
0.34274931 
0.34421761 
0.34514137 
0.34552057 
0.34535547 
0.34464569 
0.34339149 
0.34159286 
0.33924957 
0.33636196 
0.33292969 
0.32895298 
0.32443173 
0.31936605 
0.31375583 
0.30760117 
0.30090197 
0.29365821 
0.28587003 
0.27753730 
0.26866014 
0.25923844 
0.24927218 
0.23876150 
0.22770627 
0.21610661 
0.20396240 
0.19127365 
0.17804046 
0.16426273 
0.15007027 
0.13570888 
0.12139602 
0.10732146 
0.09364779 
0.08051236 
0.06792124 
0.05587466 
0.04437263 
0.03341515 
0.02300210 
0.01313360 
0.00380953 
-0.00497000 
-0.01320510 
-0.02089564 
-0.02804164 
-0.03464322 
-0.04070024 
-0.04621284 
-0.05118088 
-0.05560438 
-0.05948345 
-0.06281797 
-0.06560795 
-0.06785349 
-0.06955461 
-0.07071118 
-0.07132320 
-0.07139067 
-0.07091372 
-0.06989233 
-0.06832628 
-0.06621592 
-0.06356089 
-0.06036143 
-0.05661754 
-0.05232911 
-0.04755299 
-0.04241793 
-0.03704087 
-0.03152661 
-0.02596800 
-0.02044646 
-0.01503210 
-0.00978450 
-0.00475304 
0.00002225 
0.00451000 
0.00868686 
0.01253672 
0.01604982 
0.01922222 
0.02205511 
0.02455397 
0.02672775 
0.02858873 
0.03015144 
0.03143235 
0.03244956 
0.03322215 
0.03376944 
0.03411158 
0.03426822 
0.03425880 
0.03410263 
0.03381772 
0.03342171 
0.03293116 
0.03236134 
0.03172679 
0.03104086 
0.03031547 
0.02956183 
0.02878983 
0.02800806 
0.02722450 
0.02644594 
0.02567799 
0.02492578 
0.02419348 
0.02348431 
0.02280100 
0.02214582 
0.02151997 
0.02092476 
0.02036066 
0.01982780 
0.01932629 
0.01885541 
0.01841481 
0.01800342 
0.01762052 
0.01726480 
0.01693507 
0.01663025 
0.01634880 
0.01608963 
0.01585122 
0.01563235 
0.01543172 
0.01524802 
0.01508017 
0.01492675 
0.01478691 
0.01465948 
0.01454337 
0.01443763 
0.01434155 
0.01425417 
0.01417466 
0.01410242 
0.01403685 
0.01397713 
0.01392277 
0.01387329 
0.01382823 
0.01378711 
0.01374956 
0.01371534 
0.01368387 
0.01365514 
0.01362856 
0.01360424 
0.01358171 
0.01356097 
0.01354165 
0.01352377 
0.01350708 
0.01349147 
0.01347692 
0.01346322 
0.01345034 
0.01343830 
0.01342674 
0.01341589 
0.01340552 
0.01339574 
0.01338633 
0.01337738 
0.01336880 
0.01336058 
0.01335271 
0.01334508 
0.01333781 
0.01333077 
0.01332398 
0.01331742 
0.01331110 
0.01330502 
0.01329906 
0.01329334 
0.01328786 
0.01328237 
0.01327725 
0.01327212 
