0.0000
-0.0000
-0.0000
-0.0000
-0.0000
-0.0000
-0.0000
-0.0000
-0.0000
-0.0000
-0.0000
-0.0000
0.0000
0.0000
0.0000
0.0000
0.0000
0.0000
0.0001
0.0000
0.0000
0.0000
0.0000
0.0000
0.0000
0.0000
0.0000
0.0000
0.0000
0.0000
-0.0000
0.0000
0.0000
0.0000
0.0000
0.0000
0.0000
0.0000
0.0000
0.0000
0.0000
0.0000
0.0000
-0.0000
-0.0000
-0.0000
0.0000
0.0000
0.0000
0.0000
0.0000
0.0000
0.0000
0.0000
0.0000
0.0000
0.0000
-0.0000
-0.0000
-0.0000
0.0000
0.0000
-0.0000
-0.0000
0.0000
0.0000
0.0000
0.0000
0.0000
-0.0000
-0.0000
0.0000
0.0000
0.0000
0.0000
0.0000
0.0000
0.0000
0.0000
0.0000
0.0000
0.0000
0.0000
0.0000
0.0000
0.0001
0.0001
0.0001
0.0001
0.0001
0.0001
0.0001
0.0001
0.0001
0.0001
0.0001
0.0001
0.0001
0.0001
0.0001
0.0001
0.0001
0.0001
0.0001
0.0001
0.0001
0.0001
0.0001
0.0000
0.0000
0.0000
0.0000
0.0000
0.0000
0.0000
-0.0000
0.0000
0.0000
0.0000
0.0000
0.0000
0.0000
0.0000
-0.0000
-0.0000
-0.0000
-0.0000
-0.0000
-0.0000
-0.0000
-0.0000
-0.0000
-0.0001
-0.0001
-0.0001
-0.0001
-0.0001
-0.0001
-0.0001
-0.0001
-0.0001
-0.0001
-0.0001
-0.0001
-0.0001
-0.0001
-0.0001
-0.0001
-0.0001
-0.0001
-0.0001
-0.0001
-0.0001
-0.0001
-0.0001
-0.0001
-0.0001
-0.0001
-0.0001
-0.0001
-0.0001
-0.0001
-0.0001
-0.0001
-0.0001
-0.0001
-0.0001
-0.0001
-0.0001
-0.0001
-0.0001
-0.0001
-0.0001
-0.0001
-0.0001
-0.0001
-0.0001
-0.0001
-0.0001
-0.0001
-0.0001
-0.0001
-0.0001
-0.0001
-0.0001
-0.0001
-0.0001
-0.0001
-0.0001
-0.0001
-0.0001
-0.0001
-0.0001
-0.0001
-0.0001
-0.0001
-0.0001
-0.0001
-0.0000
-0.0001
-0.0001
-0.0001
-0.0001
-0.0001
-0.0001
-0.0001
-0.0001
-0.0001
-0.0001
-0.0001
-0.0001
-0.0001
-0.0001
-0.0001
-0.0001
-0.0000
-0.0001
-0.0001
-0.0001
-0.0001
-0.0001
-0.0001
-0.0000
-0.0001
-0.0001
-0.0001
-0.0001
-0.0001
-0.0000
-0.0000
-0.0000
-0.0000
-0.0000
-0.0000
-0.0000
-0.0000
0.0000
0.0000
0.0000
0.0000
0.0000
0.0000
0.0000
0.0000
-0.0000
-0.0000
-0.0000
-0.0000
-0.0000
-0.0000
-0.0000
-0.0000
-0.0000
-0.0000
-0.0000
-0.0000
-0.0000
-0.0000
-0.0000
0.0000
-0.0000
-0.0000
0.0000
0.0000
0.0000
0.0000
0.0000
0.0000
0.0000
0.0000
0.0000
0.0000
-0.0000
-0.0000
-0.0000
-0.0000
-0.0000
-0.0000
-0.0000
-0.0001
-0.0000
-0.0001
-0.0001
-0.0001
-0.0000
-0.0001
-0.0000
-0.0000
-0.0000
-0.0000
-0.0000
-0.0000
-0.0000
-0.0000
-0.0001
-0.0000
-0.0001
-0.0001
-0.0001
-0.0000
-0.0000
-0.0001
-0.0001
-0.0001
-0.0001
-0.0001
-0.0001
-0.0001
-0.0001
-0.0000
-0.0000
-0.0000
-0.0000
-0.0001
-0.0000
-0.0000
-0.0000
-0.0000
-0.0000
-0.0000
-0.0000
-0.0000
-0.0000
-0.0000
-0.0000
-0.0000
-0.0000
-0.0000
-0.0000
-0.0000
-0.0000
-0.0000
-0.0000
-0.0000
-0.0000
-0.0000
-0.0000
-0.0000
-0.0001
-0.0001
-0.0001
-0.0001
-0.0001
-0.0001
-0.0001
-0.0001
-0.0001
-0.0001
-0.0001
-0.0001
-0.0001
-0.0001
-0.0001
-0.0001
-0.0001
-0.0001
-0.0001
-0.0001
-0.0001
-0.0001
-0.0001
-0.0001
-0.0001
-0.0001
-0.0001
-0.0001
-0.0001
-0.0001
-0.0001
-0.0001
-0.0001
-0.0001
-0.0001
-0.0001
-0.0001
-0.0001
-0.0001
-0.0001
-0.0001
-0.0001
-0.0001
-0.0001
-0.0001
-0.0001
-0.0001
-0.0001
-0.0001
-0.0001
-0.0001
-0.0001
-0.0001
-0.0001
-0.0001
-0.0001
-0.0001
-0.0001
-0.0002
-0.0002
-0.0002
-0.0002
-0.0002
0.0325
0.0652
0.0978
0.1305
0.1632
0.1958
0.2285
0.2612
0.2939
0.3265
0.3592
0.3919
0.4246
0.4573
0.4899
0.5226
0.5553
0.5879
0.6206
0.6533
0.6860
0.7186
0.7513
0.7840
0.8167
0.8493
0.8820
0.9147
0.9473
0.9800
0.9899
0.9899
0.9899
0.9899
0.9899
0.9899
0.9899
0.9899
0.9899
0.9899
0.9899
0.9899
0.9899
0.9899
0.9899
0.9899
0.9899
0.9899
0.9899
0.9899
0.9899
0.9899
0.9899
0.9899
0.9774
0.9533
0.9206
0.8880
0.8553
0.8226
0.7900
0.7573
0.7247
0.6920
0.6593
0.6266
0.5939
0.5613
0.5286
0.4959
0.4633
0.4306
0.3979
0.3653
0.3326
0.2999
0.2673
0.2346
0.2019
0.1693
0.1366
0.1039
0.0713
0.0386
0.0060
-0.0267
-0.0594
-0.0920
-0.1247
-0.1574
-0.1901
-0.2227
-0.2554
-0.2881
-0.3208
-0.3534
-0.3861
-0.4188
-0.4514
-0.4841
-0.5167
-0.5427
-0.5572
-0.5613
-0.5562
-0.5432
-0.5232
-0.4976
-0.4672
-0.4345
-0.4018
-0.3692
-0.3365
-0.3038
-0.2712
-0.2385
-0.2058
-0.1731
-0.1405
-0.1078
-0.0751
-0.0424
-0.0098
0.0229
0.0549
0.0830
0.1071
0.1274
0.1441
0.1574
0.1675
0.1746
0.1789
0.1808
0.1804
0.1781
0.1741
0.1687
0.1620
0.1543
0.1459
0.1369
0.1275
0.1179
0.1082
0.0985
0.0890
0.0798
0.0710
0.0626
0.0546
0.0472
0.0404
0.0342
0.0285
0.0234
0.0190
0.0150
0.0117
0.0088
0.0064
0.0045
0.0030
0.0020
0.0012
0.0008
0.0007
0.0008
0.0011
0.0015
0.0021
0.0029
0.0037
0.0046
0.0054
0.0063
0.0073
0.0081
0.0090
0.0098
0.0105
0.0112
0.0118
0.0123
0.0128
0.0132
0.0135
0.0137
0.0138
0.0140
0.0140
0.0139
0.0139
0.0137
0.0136
0.0133
0.0130
0.0128
0.0124
0.0121
0.0117
0.0114
0.0110
0.0106
0.0102
0.0099
0.0095
0.0091
0.0088
0.0084
0.0081
0.0078
0.0075
0.0072
0.0069
0.0067
0.0065
0.0062
0.0060
0.0058
0.0056
0.0054
0.0053
0.0052
0.0050
0.0049
0.0048
0.0047
0.0046
0.0045
0.0044
0.0043
0.0042
0.0041
0.0041
0.0040
0.0039
0.0039
0.0038
0.0038
0.0037
0.0037
0.0036
0.0035
0.0034
0.0034
0.0033
0.0032
0.0032
0.0031
0.0031
0.0030
0.0029
0.0029
0.0028
0.0028
0.0027
0.0026
0.0026
0.0025
0.0025
0.0024
0.0024
0.0023
0.0022
0.0022
0.0021
0.0020
0.0020
0.0019
0.0019
0.0018
0.0018
0.0017
0.0017
0.0017
0.0016
0.0016
0.0015
0.0015
0.0015
0.0014
0.0014
0.0013
0.0013
0.0013
0.0013
0.0012
0.0012
0.0012
0.0011
0.0011
0.0011
0.0011
0.0010
0.0010
0.0010
0.0010
0.0009
0.0009
0.0009
0.0009
0.0008
0.0008
0.0008
0.0008
0.0007
0.0007
0.0007
0.0007
0.0007
0.0007
0.0007
0.0007
0.0006
0.0006
0.0006
0.0006
0.0006
0.0005
0.0005
0.0005
0.0005
0.0005
0.0005
0.0005
0.0004
0.0004
0.0004
0.0004
0.0004
0.0004
0.0003
0.0003
0.0003
0.0003
0.0003
0.0003
0.0003
0.0002
0.0002
0.0002
0.0002
0.0002
0.0002
0.0002
0.0002
0.0002
0.0002
0.0001
0.0001
0.0001
0.0001
0.0001
0.0001
0.0001
0.0001
0.0001
0.0001
0.0001
0.0001
0.0000
0.0000
0.0000
0.0000
0.0000
0.0000
-0.0000
-0.0000
-0.0000
-0.0000
-0.0000
-0.0000
-0.0000
-0.0000
-0.0001
-0.0001
-0.0001
-0.0001
-0.0001
-0.0001
-0.0001
-0.0001
-0.0001
-0.0001
-0.0001
-0.0001
-0.0001
-0.0001
-0.0001
-0.0001
-0.0001
-0.0001
-0.0001
-0.0001
-0.0001
-0.0001
-0.0001
-0.0001
-0.0001
-0.0001
-0.0001
-0.0001
-0.0001
-0.0001
-0.0001
-0.0001
-0.0001
-0.0001
-0.0001
-0.0001
-0.0001
-0.0001
-0.0001
-0.0001
-0.0001
-0.0001
-0.0001
-0.0001
-0.0001
-0.0001
-0.0001
-0.0001
-0.0001
0.0325
0.0652
0.0979
0.1305
0.1632
0.1959
0.2286
0.2613
0.2939
0.3266
0.3593
0.3919
0.4246
0.4573
0.4899
0.5226
0.5553
0.5879
0.6206
0.6533
0.6860
0.7186
0.7513
0.7840
0.8166
0.8493
0.8820
0.9147
0.9473
0.9800
0.9899
0.9899
0.9899
0.9899
0.9899
0.9899
0.9899
0.9899
0.9899
0.9899
0.9899
0.9900
0.9899
0.9900
0.9899
0.9899
0.9900
0.9899
0.9899
0.9899
0.9899
0.9899
0.9899
0.9900
0.9777
0.9538
0.9212
0.8885
0.8558
0.8232
0.7905
0.7578
0.7251
0.6925
0.6598
0.6271
0.5944
0.5618
0.5291
0.4964
0.4637
0.4311
0.3984
0.3657
0.3330
0.3004
0.2677
0.2350
0.2023
0.1697
0.1370
0.1043
0.0717
0.0390
0.0063
-0.0263
-0.0590
-0.0917
-0.1243
-0.1570
-0.1897
-0.2223
-0.2550
-0.2877
-0.3203
-0.3530
-0.3857
-0.4183
-0.4510
-0.4837
-0.5163
-0.5424
-0.5570
-0.5612
-0.5562
-0.5432
-0.5234
-0.4978
-0.4674
-0.4347
-0.4021
-0.3694
-0.3368
-0.3041
-0.2714
-0.2387
-0.2061
-0.1734
-0.1407
-0.1081
-0.0754
-0.0427
-0.0100
0.0226
0.0546
0.0827
0.1068
0.1271
0.1438
0.1570
0.1671
0.1742
0.1785
0.1804
0.1801
0.1778
0.1738
0.1683
0.1617
0.1541
0.1457
0.1367
0.1273
0.1177
0.1080
0.0983
0.0889
0.0797
0.0708
0.0625
0.0545
0.0472
0.0403
0.0341
0.0285
0.0234
0.0189
0.0150
0.0116
0.0088
0.0064
0.0045
0.0030
0.0020
0.0012
0.0008
0.0007
0.0008
0.0011
0.0016
0.0022
0.0029
0.0037
0.0045
0.0054
0.0063
0.0072
0.0081
0.0089
0.0097
0.0105
0.0112
0.0117
0.0123
0.0127
0.0131
0.0134
0.0137
0.0138
0.0139
0.0139
0.0139
0.0138
0.0137
0.0135
0.0133
0.0130
0.0127
0.0124
0.0121
0.0117
0.0114
0.0110
0.0106
0.0102
0.0099
0.0095
0.0091
0.0088
0.0084
0.0081
0.0078
0.0075
0.0072
0.0069
0.0067
0.0064
0.0062
0.0060
0.0058
0.0056
0.0054
0.0052
0.0051
0.0049
0.0048
0.0047
0.0046
0.0044
0.0043
0.0042
0.0041
0.0041
0.0040
0.0039
0.0038
0.0038
0.0037
0.0036
0.0036
0.0035
0.0035
0.0034
0.0034
0.0033
0.0033
0.0032
0.0031
0.0031
0.0030
0.0029
0.0029
0.0028
0.0027
0.0027
0.0026
0.0025
0.0025
0.0024
0.0024
0.0023
0.0022
0.0022
0.0021
0.0020
0.0020
0.0019
0.0019
0.0018
0.0018
0.0017
0.0017
0.0017
0.0016
0.0016
0.0016
0.0015
0.0015
0.0014
0.0014
0.0014
0.0013
0.0013
0.0013
0.0012
0.0012
0.0012
0.0012
0.0011
0.0011
0.0011
0.0010
0.0010
0.0010
0.0009
0.0009
0.0009
0.0009
0.0009
0.0008
0.0008
0.0008
0.0008
0.0008
0.0007
0.0007
0.0007
0.0007
0.0007
0.0006
0.0006
0.0006
0.0006
0.0006
0.0005
0.0005
0.0005
0.0004
0.0004
0.0004
0.0004
0.0004
0.0003
0.0003
0.0003
0.0003
0.0003
0.0003
0.0002
0.0002
0.0002
0.0002
0.0002
0.0002
0.0002
0.0002
0.0002
0.0002
0.0001
0.0001
0.0001
0.0001
0.0001
0.0001
0.0001
0.0001
0.0001
0.0001
0.0001
0.0001
0.0000
0.0000
0.0000
0.0000
0.0000
0.0000
0.0000
-0.0000
0.0000
0.0000
-0.0000
-0.0000
-0.0000
-0.0000
-0.0000
-0.0000
-0.0000
-0.0000
-0.0000
-0.0000
-0.0000
-0.0000
-0.0001
-0.0001
-0.0001
-0.0001
-0.0001
-0.0001
-0.0001
-0.0001
-0.0001
-0.0001
-0.0001
-0.0001
-0.0001
-0.0001
-0.0001
-0.0001
-0.0001
-0.0001
-0.0001
-0.0001
-0.0001
-0.0001
-0.0001
-0.0002
-0.0002
-0.0002
-0.0002
-0.0002
-0.0002
-0.0002
-0.0002
-0.0002
-0.0002
-0.0002
-0.0002
-0.0002
-0.0002
-0.0002
-0.0002
-0.0002
-0.0002
-0.0002
-0.0002
-0.0002
-0.0002
-0.0002
-0.0002
-0.0002
-0.0001
-0.0002
-0.0001
-0.0001
0.0325
0.0652
0.0979
0.1305
0.1632
0.1959
0.2285
0.2612
0.2939
0.3266
0.3592
0.3919
0.4246
0.4573
0.4899
0.5226
0.5553
0.5879
0.6206
0.6533
0.6859
0.7186
0.7513
0.7840
0.8166
0.8493
0.8820
0.9146
0.9473
0.9800
0.9899
0.9899
0.9899
0.9899
0.9899
0.9899
0.9899
0.9899
0.9899
0.9899
0.9899
0.9899
0.9899
0.9899
0.9899
0.9899
0.9899
0.9899
0.9899
0.9899
0.9899
0.9899
0.9899
0.9899
0.9776
0.9537
0.9211
0.8884
0.8557
0.8231
0.7904
0.7577
0.7251
0.6924
0.6597
0.6271
0.5944
0.5617
0.5291
0.4964
0.4637
0.4311
0.3984
0.3658
0.3331
0.3004
0.2678
0.2351
0.2024
0.1698
0.1371
0.1044
0.0717
0.0391
0.0064
-0.0263
-0.0589
-0.0916
-0.1243
-0.1570
-0.1896
-0.2223
-0.2549
-0.2876
-0.3203
-0.3529
-0.3856
-0.4183
-0.4509
-0.4836
-0.5163
-0.5424
-0.5569
-0.5611
-0.5561
-0.5432
-0.5233
-0.4977
-0.4673
-0.4347
-0.4020
-0.3693
-0.3366
-0.3040
-0.2713
-0.2386
-0.2060
-0.1733
-0.1406
-0.1079
-0.0753
-0.0426
-0.0099
0.0227
0.0547
0.0827
0.1068
0.1272
0.1438
0.1571
0.1672
0.1742
0.1786
0.1805
0.1801
0.1778
0.1739
0.1684
0.1617
0.1541
0.1457
0.1367
0.1273
0.1177
0.1080
0.0984
0.0889
0.0797
0.0709
0.0625
0.0546
0.0472
0.0404
0.0341
0.0285
0.0234
0.0189
0.0150
0.0117
0.0088
0.0064
0.0045
0.0031
0.0020
0.0013
0.0008
0.0007
0.0008
0.0011
0.0015
0.0022
0.0029
0.0037
0.0045
0.0054
0.0063
0.0072
0.0081
0.0089
0.0098
0.0105
0.0112
0.0118
0.0123
0.0128
0.0131
0.0134
0.0137
0.0138
0.0139
0.0140
0.0139
0.0138
0.0137
0.0135
0.0133
0.0130
0.0127
0.0124
0.0121
0.0117
0.0114
0.0110
0.0106
0.0102
0.0099
0.0095
0.0091
0.0088
0.0084
0.0081
0.0078
0.0075
0.0072
0.0069
0.0067
0.0064
0.0062
0.0060
0.0058
0.0056
0.0054
0.0052
0.0051
0.0050
0.0048
0.0047
0.0046
0.0045
0.0044
0.0043
0.0043
0.0042
0.0041
0.0040
0.0040
0.0039
0.0038
0.0038
0.0037
0.0036
0.0035
0.0035
0.0034
0.0034
0.0033
0.0033
0.0032
0.0031
0.0030
0.0030
0.0029
0.0029
0.0028
0.0027
0.0027
0.0026
0.0025
0.0025
0.0024
0.0024
0.0023
0.0023
0.0022
0.0021
0.0021
0.0020
0.0020
0.0019
0.0019
0.0018
0.0018
0.0018
0.0017
0.0017
0.0016
0.0016
0.0015
0.0015
0.0015
0.0014
0.0014
0.0014
0.0013
0.0013
0.0012
0.0012
0.0012
0.0011
0.0011
0.0011
0.0011
0.0010
0.0010
0.0010
0.0010
0.0009
0.0009
0.0009
0.0009
0.0009
0.0009
0.0009
0.0008
0.0008
0.0008
0.0007
0.0007
0.0007
0.0007
0.0007
0.0007
0.0007
0.0006
0.0006
0.0006
0.0006
0.0006
0.0006
0.0005
0.0005
0.0005
0.0005
0.0005
0.0005
0.0005
0.0004
0.0004
0.0004
0.0004
0.0003
0.0003
0.0003
0.0003
0.0003
0.0003
0.0003
0.0003
0.0002
0.0002
0.0002
0.0002
0.0002
0.0002
0.0002
0.0002
0.0002
0.0002
0.0002
0.0002
0.0002
0.0001
0.0001
0.0001
0.0001
0.0001
0.0001
0.0001
0.0001
0.0001
0.0000
0.0000
0.0000
0.0000
0.0000
0.0000
-0.0000
0.0000
0.0000
-0.0000
-0.0000
-0.0000
-0.0000
-0.0000
-0.0000
-0.0000
-0.0001
-0.0000
-0.0000
-0.0000
-0.0001
-0.0001
-0.0001
-0.0001
-0.0001
-0.0001
-0.0001
-0.0001
-0.0001
-0.0000
-0.0001
-0.0001
-0.0001
-0.0001
-0.0001
-0.0000
-0.0000
-0.0000
-0.0001
-0.0001
-0.0001
-0.0001
-0.0001
-0.0001
-0.0001
-0.0001
-0.0001
-0.0001
-0.0001
-0.0001
-0.0001
-0.0001
-0.0001
-0.0001
-0.0001
-0.0001
-0.0001
-0.0001
-0.0001
-0.0001
-0.0001
-0.0001
-0.0001
-0.0001
-0.0328
-0.0654
-0.0981
-0.1308
-0.1634
-0.1961
-0.2288
-0.2615
-0.2941
-0.3268
-0.3595
-0.3921
-0.4248
-0.4575
-0.4902
-0.5228
-0.5555
-0.5881
-0.6208
-0.6535
-0.6862
-0.7188
-0.7515
-0.7842
-0.8168
-0.8495
-0.8822
-0.9148
-0.9475
-0.9802
-0.9901
-0.9901
-0.9901
-0.9901
-0.9901
-0.9901
-0.9855
-0.9689
-0.9421
-0.9094
-0.8768
-0.8441
-0.8114
-0.7787
-0.7461
-0.7134
-0.6807
-0.6481
-0.6154
-0.5827
-0.5501
-0.5174
-0.4847
-0.4521
-0.4194
-0.3867
-0.3541
-0.3214
-0.2887
-0.2561
-0.2234
-0.1907
-0.1580
-0.1254
-0.0927
-0.0601
-0.0274
0.0053
0.0379
0.0706
0.1033
0.1319
0.1536
0.1692
0.1792
0.1845
0.1856
0.1832
0.1778
0.1699
0.1600
0.1486
0.1361
0.1228
0.1090
0.0950
0.0810
0.0673
0.0539
0.0411
0.0289
0.0174
0.0067
-0.0032
-0.0123
-0.0206
-0.0280
-0.0346
-0.0404
-0.0455
-0.0499
-0.0536
-0.0567
-0.0592
-0.0611
-0.0625
-0.0635
-0.0641
-0.0643
-0.0642
-0.0638
-0.0631
-0.0623
-0.0612
-0.0600
-0.0586
-0.0572
-0.0556
-0.0540
-0.0524
-0.0507
-0.0490
-0.0473
-0.0456
-0.0439
-0.0422
-0.0406
-0.0390
-0.0374
-0.0359
-0.0344
-0.0330
-0.0316
-0.0303
-0.0290
-0.0277
-0.0266
-0.0254
-0.0243
-0.0233
-0.0223
-0.0213
-0.0204
-0.0195
-0.0187
-0.0179
-0.0171
-0.0164
-0.0157
-0.0151
-0.0144
-0.0138
-0.0133
-0.0127
-0.0122
-0.0117
-0.0112
-0.0108
-0.0104
-0.0100
-0.0096
-0.0092
-151.7838
