0.00000000 
-0.00000000 
-0.00000000 
-0.00000000 
-0.00000000 
-0.00000000 
-0.00000000 
-0.00000000 
-0.00000000 
-0.00000000 
-0.00000000 
-0.00000000 
-0.00000000 
-0.00000000 
-0.00000000 
-0.00000000 
-0.00000000 
-0.00000000 
-0.00000000 
-0.00000000 
-0.00000000 
-0.00000000 
-0.00000000 
-0.00000000 
-0.00000000 
-0.00000000 
-0.00000000 
-0.00000000 
-0.00000000 
-0.00000000 
-0.00000000 
-0.00000000 
-0.00000000 
-0.00000000 
-0.00000000 
-0.00000000 
-0.00000000 
-0.00000000 
-0.00000000 
-0.00000000 
-0.00000000 
-0.00000000 
-0.00000000 
-0.00000000 
-0.00000000 
-0.00000000 
-0.00000000 
-0.00000000 
-0.00000000 
-0.00000000 
-0.00000000 
-0.00000000 
-0.00000000 
-0.00000000 
-0.00000000 
-0.00000000 
-0.00000000 
-0.00000000 
-0.00000000 
-0.00000000 
-0.00000000 
-0.00000000 
-0.00000000 
-0.00000000 
-0.00000000 
-0.00000000 
-0.00000000 
-0.00000000 
-0.00000000 
-0.00000000 
-0.00000000 
-0.00000000 
-0.00000000 
-0.00000000 
-0.00000000 
-0.00000000 
-0.00000000 
-0.00000000 
-0.00000000 
-0.00000000 
-0.00000000 
-0.00000000 
-0.00000000 
-0.00000000 
-0.00000000 
-0.00000000 
-0.00000000 
-0.00000000 
-0.00000000 
-0.00000000 
-0.00000000 
-0.00000000 
-0.00000000 
-0.00000000 
-0.00000000 
-0.00000000 
-0.00000000 
-0.00000000 
-0.00000000 
-0.00000000 
-0.00000000 
-0.00000000 
-0.00000000 
-0.00000000 
-0.00000000 
-0.00000000 
-0.00000000 
-0.00000000 
-0.00000000 
-0.00000000 
-0.00000000 
-0.00000000 
-0.00000000 
-0.00000000 
-0.00000000 
-0.00000000 
-0.00000000 
-0.00000000 
-0.00000000 
-0.00000000 
-0.00000000 
-0.00000000 
-0.00000000 
-0.00000000 
-0.00000000 
-0.00000000 
-0.00000000 
-0.00000000 
-0.00000000 
-0.00000000 
-0.00000000 
-0.00000000 
-0.00000000 
-0.00000000 
-0.00000000 
-0.00000000 
-0.00000000 
-0.00000000 
-0.00000000 
-0.00000000 
-0.00000000 
-0.00000000 
-0.00000000 
-0.00000000 
-0.00000000 
-0.00000000 
-0.00000000 
-0.00000000 
-0.00000000 
-0.00000000 
-0.00000000 
-0.00000000 
-0.00000000 
-0.00000000 
-0.00000000 
-0.00000000 
-0.00000000 
-0.00000000 
-0.00000000 
-0.00000000 
-0.00000000 
-0.00000000 
-0.00000000 
-0.00000000 
-0.00000000 
-0.00000000 
-0.00000000 
-0.00000000 
-0.00000000 
-0.00000000 
-0.00000000 
-0.00000000 
-0.00000000 
-0.00000000 
-0.00000000 
-0.00000000 
-0.00000000 
-0.00000000 
-0.00000000 
-0.00000000 
-0.00000000 
-0.00000000 
-0.00000000 
-0.00000000 
-0.00000000 
-0.00000000 
-0.00000000 
-0.00000000 
-0.00000000 
-0.00000000 
-0.00000000 
-0.00000000 
-0.00000000 
-0.00000000 
-0.00000000 
-0.00000000 
-0.00000000 
-0.00000000 
-0.00000000 
-0.00000000 
-0.00000000 
-0.00000000 
-0.00000000 
-0.00000000 
-0.00000000 
-0.00000000 
-0.00000000 
-0.00000000 
-0.00000000 
-0.00000000 
-0.00000000 
-0.00000000 
-0.00000000 
-0.00000000 
-0.00000000 
-0.00000000 
-0.00000000 
-0.00000000 
-0.00000000 
-0.00000000 
-0.00000000 
-0.00000000 
-0.00000000 
-0.00000000 
-0.00000000 
-0.00000000 
-0.00000000 
-0.00000000 
-0.00000000 
-0.00000000 
-0.00000000 
-0.00000000 
-0.00000000 
-0.00000000 
-0.00000000 
-0.00000000 
-0.00000000 
-0.00000000 
-0.00000000 
-0.00000000 
-0.00000000 
-0.00000000 
-0.00000000 
-0.00000000 
-0.00000000 
-0.00000000 
-0.00000000 
-0.00000000 
-0.00000000 
-0.00000000 
-0.00000000 
-0.00000000 
-0.00000000 
-0.00000000 
-0.00000000 
-0.00000000 
-0.00000000 
-0.00000000 
-0.00000000 
-0.00000000 
-0.00000000 
-0.00000000 
-0.00000000 
-0.00000000 
-0.00000000 
-0.00000000 
-0.00000000 
-0.00000000 
-0.00000000 
-0.00000000 
-0.00000000 
-0.00000000 
-0.00000000 
-0.00000000 
-0.00000000 
-0.00000000 
-0.00000000 
-0.00000000 
-0.00000000 
-0.00000000 
-0.00000000 
-0.00000000 
-0.00000000 
-0.00000000 
-0.00000000 
-0.00000000 
-0.00000000 
-0.00000000 
-0.00000000 
-0.00000000 
-0.00000000 
-0.00000000 
-0.00000000 
-0.00000000 
-0.00000000 
-0.00000000 
-0.00000000 
-0.00000000 
-0.00000000 
-0.00000000 
-0.00000000 
-0.00000000 
-0.00000000 
-0.00000000 
-0.00000000 
-0.00000000 
-0.00000000 
-0.00000000 
-0.00000000 
-0.00000000 
-0.00000000 
-0.00000000 
-0.00000000 
-0.00000000 
-0.00000000 
-0.00000000 
-0.00000000 
-0.00000000 
-0.00000000 
-0.00000000 
-0.00000000 
-0.00000000 
-0.00000000 
-0.00000000 
-0.00000000 
-0.00000000 
-0.00000000 
-0.00000000 
-0.00000000 
-0.00000000 
-0.00000000 
-0.00000000 
-0.00000000 
-0.00000000 
-0.00000000 
-0.00000000 
-0.00000000 
-0.00000000 
-0.00000000 
-0.00000000 
0.00000000 
0.00000000 
0.00000000 
0.00000000 
0.00000000 
0.00000000 
0.00000000 
0.00000000 
0.00000000 
0.00000000 
0.00000000 
0.00000000 
0.00000000 
0.00000000 
0.00000000 
0.00000000 
0.00000000 
0.00000000 
0.00000000 
0.00000000 
0.00000000 
0.00000000 
0.00000000 
0.00000000 
0.00000000 
0.00000000 
0.00000000 
0.00000000 
0.00000000 
0.00000000 
0.00000000 
0.00000000 
0.00000000 
0.00000000 
0.00000000 
0.00000000 
0.00000000 
0.00000000 
0.00000000 
0.00000000 
0.00000000 
0.00000000 
0.00000000 
0.00000000 
0.00000000 
0.00000000 
0.00000000 
0.00000000 
0.00000000 
0.00000000 
0.00000000 
0.00000000 
0.00000000 
0.00000000 
0.00000000 
0.00000000 
0.00000000 
0.00000000 
0.00000000 
0.00000000 
0.00000000 
0.00000000 
0.00000000 
0.00000000 
0.00000000 
0.00000000 
0.00000000 
0.00000000 
0.00000000 
0.00000000 
0.00000000 
0.00000000 
0.00000000 
0.00010919 
0.00032820 
0.00065794 
0.00109954 
0.00165429 
0.00232362 
0.00310910 
0.00401242 
0.00503539 
0.00617999 
0.00744832 
0.00884266 
0.01036549 
0.01201950 
0.01380762 
0.01573303 
0.01779921 
0.02000994 
0.02236932 
0.02488181 
0.02755224 
0.03038581 
0.03338813 
0.03656522 
0.03992352 
0.04346991 
0.04721170 
0.05115663 
0.05531289 
0.05968911 
0.06421939 
0.06887923 
0.07367589 
0.07861642 
0.08370765 
0.08895618 
0.09436832 
0.09995010 
0.10570733 
0.11164546 
0.11776973 
0.12408506 
0.13059615 
0.13730739 
0.14422299 
0.15134686 
0.15868272 
0.16623405 
0.17400417 
0.18199617 
0.19021298 
0.19865735 
0.20733188 
0.21623904 
0.22538114 
0.23476034 
0.24437876 
0.25423831 
0.26434085 
0.27468812 
0.28528175 
0.29612327 
0.30721414 
0.31855574 
0.33014929 
0.34199598 
0.35409686 
0.36645290 
0.37906495 
0.39193374 
0.40505996 
0.41844410 
0.43208656 
0.44598755 
0.46014723 
0.47456554 
0.48924223 
0.50417697 
0.51936918 
0.53481811 
0.55052280 
0.56648207 
0.58269447 
0.59908116 
0.61552870 
0.63203263 
0.64858842 
0.66519153 
0.68183756 
0.69852191 
0.71524000 
0.73198730 
0.74875933 
0.76555139 
0.78235900 
0.79917759 
0.81600255 
0.83282924 
0.84965324 
0.86646980 
0.88327444 
0.90006256 
0.91682959 
0.93357092 
0.95028210 
0.96695846 
0.98359555 
1.00018883 
1.01673377 
1.03322577 
1.04966044 
1.06603336 
1.08233988 
1.09857583 
1.11473656 
1.13082063 
1.14683270 
1.16277826 
1.17865980 
1.19447994 
1.21024168 
1.22594798 
1.24160206 
1.25720727 
1.27276731 
1.28828573 
1.30376613 
1.31921268 
1.33462906 
1.35001934 
1.36538756 
1.38073778 
1.39607406 
1.41140068 
1.42672157 
1.44204080 
1.45736265 
1.47269094 
1.48802972 
1.50338292 
1.51875424 
1.53414750 
1.54956627 
1.56501400 
1.58049417 
1.59600985 
1.61156416 
1.62715995 
1.64279985 
1.65848637 
1.67422175 
1.69000804 
1.70584702 
1.72174025 
1.73768890 
1.75369382 
1.76975584 
1.78587508 
1.80205166 
1.81828511 
1.83457458 
1.85091913 
1.86731708 
1.88376641 
1.90026474 
1.91680932 
1.93339658 
1.95002282 
1.96668375 
1.98337436 
2.00008941 
2.01682281 
2.03356171 
2.05029511 
2.06701422 
2.08371258 
2.10038686 
2.11703539 
2.13365936 
2.15025973 
2.16683722 
2.18339348 
2.19992971 
2.21644735 
2.23294783 
2.24943328 
2.26590490 
2.28236437 
2.29881382 
2.31525469 
2.33168888 
2.34811807 
2.36454391 
2.38096833 
2.39739227 
2.41381788 
2.43024635 
2.44667888 
2.46311665 
2.47956061 
2.49601197 
2.51247144 
2.52893925 
2.54541588 
2.56190133 
2.57839584 
2.59489894 
2.61141014 
2.62792826 
2.64445233 
2.66098022 
2.67750931 
2.69403768 
2.71056342 
2.72708583 
2.74360371 
2.76011658 
2.77662468 
2.79312801 
2.80962682 
2.82612133 
2.84261274 
2.85910082 
2.87558699 
2.89207125 
2.90855455 
2.92503715 
2.94151974 
2.95800257 
2.97448587 
2.99096990 
3.00745487 
3.02394104 
3.04042816 
3.05691671 
3.07340622 
3.08988070 
3.10631990 
3.12270570 
3.13902164 
3.15525293 
3.17138672 
3.18741083 
3.20331407 
3.21908712 
3.23472071 
3.25020719 
3.26553845 
3.28070855 
3.29571128 
3.31054091 
3.32519269 
3.33966184 
3.35394478 
3.36803770 
3.38193727 
3.39564061 
3.40914512 
3.42244864 
3.43554950 
3.44844556 
3.46113586 
3.47361922 
3.48589468 
3.49796152 
3.50981975 
3.52146888 
3.53290892 
3.54414034 
3.55516338 
3.56597877 
3.57658720 
3.58698988 
3.59718752 
3.60718179 
3.61697388 
3.62656522 
3.63595796 
3.64515328 
3.65415359 
3.66296077 
3.67157674 
3.68000388 
3.68824458 
3.69630122 
3.70417595 
3.71187139 
3.71939039 
3.72673512 
3.73390865 
3.74091363 
3.74775243 
3.75442839 
3.76094389 
3.76730180 
3.77350497 
3.77955651 
3.78545880 
3.79121494 
3.79682803 
3.80230045 
3.80763531 
3.81283522 
3.81790304 
3.82284188 
3.82765388 
3.83234239 
3.83690977 
3.84135890 
3.84569216 
3.84991241 
3.85402203 
3.85802388 
3.86192012 
3.86571360 
3.86940646 
3.87300110 
3.87650013 
3.87990570 
3.88322020 
3.88644576 
3.88958454 
3.89263892 
3.89561081 
3.89850211 
3.90131545 
3.90163183 
3.90222359 
3.90305710 
3.90410352 
3.90533805 
3.90674019 
3.90829229 
3.90998006 
3.91179204 
3.91371822 
3.91575170 
3.91788626 
3.92011762 
3.92244315 
3.92486048 
3.92736888 
3.92996812 
3.93265820 
3.93544006 
3.93831515 
3.94128442 
3.94434977 
3.94751287 
3.95077515 
3.95413804 
3.95760298 
3.96117091 
3.96484280 
3.96861911 
3.97249937 
3.97648335 
3.98059177 
3.98483586 
3.98921633 
3.99373317 
3.99838471 
4.00316906 
4.00808239 
4.01312160 
4.01828194 
4.02355814 
4.02894497 
4.03443670 
4.04002714 
4.04571009 
4.05147839 
4.05732536 
4.06324434 
4.06922817 
4.07526970 
4.08136225 
4.08749771 
4.09366989 
4.09987068 
4.10609388 
4.11233139 
4.11857653 
4.12482214 
4.13106108 
4.13728666 
4.14349127 
4.14966822 
4.15581036 
4.16191101 
4.16796350 
4.17396021 
4.17989445 
4.18575954 
4.19154835 
4.19725418 
4.20287037 
4.20838928 
4.21380472 
4.21910906 
4.22429609 
4.22935772 
4.23428822 
4.23907948 
4.24372482 
4.24821758 
4.25254965 
4.25671434 
4.26070452 
4.26451302 
4.26811838 
4.27145195 
4.27451324 
4.27730083 
4.27981424 
4.28205299 
4.28401613 
4.28570318 
4.28711414 
4.28824759 
4.28910446 
4.28968382 
4.28998566 
4.29000998 
4.28975630 
4.28922510 
4.28841686 
4.28733110 
4.28596878 
4.28432941 
4.28241444 
4.28022385 
4.27775812 
4.27501774 
4.27200413 
4.26871824 
4.26516008 
4.26133108 
4.25723219 
4.25286484 
4.24822950 
4.24333572 
4.23824358 
4.23300886 
4.22764158 
4.22215176 
4.21654844 
4.21084023 
4.20503712 
4.19914722 
4.19317961 
4.18714333 
4.18104649 
4.17489767 
4.16870546 
4.16247845 
4.15622473 
4.14995241 
4.14367056 
4.13738632 
4.13110876 
4.12484550 
4.11860466 
4.11239481 
4.10622406 
4.10010004 
4.09403133 
4.08802652 
4.08209276 
4.07623959 
4.07047415 
4.06480598 
4.05924225 
4.05379248 
4.04846525 
4.04326820 
4.03821087 
4.03330183 
4.02855015 
4.02396393 
4.01955318 
4.01532698 
4.01129389 
4.00746346 
4.00384474 
4.00044775 
3.99728179 
3.99435616 
3.99168062 
3.98926497 
3.98711872 
3.98525167 
3.98367381 
3.98239470 
3.98142409 
3.98077202 
3.98043394 
3.98037267 
3.98055315 
3.98094130 
3.98150492 
3.98221612 
3.98304844 
3.98397708 
3.98498964 
3.98607612 
3.98722649 
3.98843050 
3.98967791 
3.99095821 
3.99226046 
3.99357438 
3.99488926 
3.99619460 
3.99748039 
3.99873638 
3.99995232 
4.00111914 
4.00222635 
4.00326586 
4.00422764 
4.00510406 
4.00588560 
4.00656557 
4.00714779 
4.00763941 
4.00804663 
4.00837564 
4.00863314 
4.00882530 
4.00895834 
4.00903845 
4.00907135 
4.00906181 
4.00901556 
4.00893688 
4.00883102 
4.00870085 
4.00855064 
4.00838423 
4.00820398 
4.00801325 
4.00781393 
4.00760841 
4.00739908 
4.00718737 
4.00697470 
4.00676250 
4.00655174 
4.00634336 
4.00613785 
4.00593662 
4.00573969 
4.00554705 
4.00536013 
4.00517797 
4.00500154 
4.00483084 
4.00466585 
4.00450611 
4.00435209 
4.00420380 
4.00406075 
4.00392342 
4.00379086 
4.00366354 
4.00354099 
4.00342321 
4.00330973 
4.00320101 
4.00309610 
4.00299549 
4.00289869 
4.00280571 
4.00271606 
4.00263023 
4.00254726 
4.00246763 
4.00239086 
4.00231695 
4.00224543 
4.00217676 
4.00211048 
4.00204659 
4.00198507 
4.00192547 
4.00186825 
4.00181293 
4.00175905 
4.00170755 
4.00165749 
4.00160885 
4.00160503 
4.00148773 
4.00125790 
4.00091410 
4.00045586 
3.99988174 
3.99919033 
3.99837995 
3.99744940 
3.99639630 
3.99521923 
3.99391532 
3.99248266 
3.99091864 
3.98922038 
3.98738480 
3.98540878 
3.98328876 
3.98102069 
3.97860074 
3.97602415 
3.97328591 
3.97038126 
3.96730399 
3.96404815 
3.96060777 
3.95697522 
3.95314360 
3.94910526 
3.94485188 
3.94037461 
3.93573952 
3.93097091 
3.92606187 
3.92100501 
3.91579366 
3.91042185 
3.90488267 
3.89917064 
3.89328003 
3.88720560 
3.88094187 
3.87448406 
3.86782789 
3.86096907 
3.85390306 
3.84662628 
3.83913517 
3.83142614 
3.82349634 
3.81534219 
3.80696106 
3.79835010 
3.78950715 
3.78042960 
3.77111483 
3.76156116 
3.75176644 
3.74172854 
3.73144603 
3.72091675 
3.71013927 
3.69911218 
3.68783402 
3.67630339 
3.66451883 
3.65247965 
3.64018464 
3.62763286 
3.61482358 
3.60175586 
3.58842921 
3.57484341 
3.56099772 
3.54689217 
3.53252673 
3.51790142 
3.50301671 
3.48787284 
3.47247052 
3.45681071 
3.44089460 
3.42472315 
3.40834999 
3.39191532 
3.37542319 
3.35887814 
3.34228492 
3.32564759 
3.30897117 
3.29225993 
3.27551866 
3.25875163 
3.24196339 
3.22515869 
3.20834208 
3.19151807 
3.17469144 
3.15786648 
3.14104795 
3.12424040 
3.10744834 
3.09067631 
3.07392907 
3.05721092 
3.04052663 
3.02388072 
3.00727773 
2.99072194 
2.97421813 
2.95777082 
2.94138408 
2.92506289 
2.90881133 
2.89263415 
2.87653446 
2.86050868 
2.84454989 
2.82865596 
2.81282401 
2.79705167 
2.78133535 
2.76567245 
2.75005889 
2.73449183 
2.71896744 
2.70348167 
2.68803120 
2.67261171 
2.65721941 
2.64185023 
2.62650013 
2.61116481 
2.59584045 
2.58052278 
2.56520772 
2.54989123 
2.53456926 
2.51923752 
2.50389266 
2.48853040 
2.47314715 
2.45773935 
2.44230318 
2.42683554 
2.41133308 
2.39579272 
2.38021159 
2.36458659 
2.34891582 
2.33319640 
2.31742668 
2.30160451 
2.28572822 
2.26979685 
2.25380921 
2.23776460 
2.22166252 
2.20550299 
2.18928623 
2.17301297 
2.15668440 
2.14030170 
2.12386680 
2.10738206 
2.09085035 
2.07427478 
2.05765891 
2.04100704 
2.02432394 
2.00761461 
1.99088538 
1.97414446 
1.95740497 
1.94067717 
1.92396855 
1.90728390 
1.89062572 
1.87399340 
1.85738611 
1.84080255 
1.82424164 
1.80770206 
1.79118228 
1.77468085 
1.75819600 
1.74172616 
1.72526956 
1.70882428 
1.69238877 
1.67596102 
1.65953934 
1.64312196 
1.62670708 
1.61029315 
1.59387839 
1.57746148 
1.56104088 
1.54461527 
1.52818358 
1.51174462 
1.49529767 
1.47884190 
1.46237683 
1.44590211 
1.42941761 
1.41292357 
1.39642012 
1.37990820 
1.36338842 
1.34686208 
1.33033073 
1.31379676 
1.29726303 
1.28073204 
1.26420534 
1.24768424 
1.23116946 
1.21466112 
1.19815910 
1.18166280 
1.16517162 
1.14868462 
1.13220108 
1.11571991 
1.09924018 
1.08276129 
1.06628227 
1.04980278 
1.03332210 
1.01684010 
1.00035632 
0.98387069 
0.96738315 
0.95089370 
0.93440253 
0.91790956 
0.90141511 
0.88491929 
0.86842233 
0.85192430 
0.83542550 
0.81892598 
0.80242604 
0.78592563 
0.76942503 
0.75292420 
0.73642337 
0.71992248 
0.70342159 
0.68692076 
0.67042005 
0.65391946 
0.63741899 
0.62091857 
0.60441834 
0.58791822 
0.57141817 
0.55491823 
0.53841841 
0.52191871 
0.50541902 
0.48891947 
0.47241995 
0.45592049 
0.43942109 
0.42292172 
0.40642241 
0.38992310 
0.37342384 
0.35692459 
0.34042537 
0.32392615 
0.30742696 
0.29092774 
0.27442855 
0.25792933 
0.24143010 
0.22493087 
0.20843162 
0.19193235 
0.17543307 
0.15893376 
0.14243443 
0.12593509 
0.10943571 
0.09293631 
0.07643689 
0.05993744 
0.04343797 
0.02693847 
0.01043895 
-0.00606059 
-0.02256015 
-0.03905974 
-0.05555934 
-0.07205896 
-0.08855860 
-0.10505825 
-0.12155793 
-0.13805762 
-0.15455732 
-0.17105703 
-0.18755674 
-0.20405649 
-0.22055623 
-0.23705599 
-0.25355574 
-0.27005550 
-0.28655529 
-0.30305508 
-0.31955487 
-0.33605468 
-0.35255447 
-0.36905429 
-0.38555411 
-0.40205392 
-0.41855374 
-0.43505359 
-0.45155340 
-0.46805325 
-0.48455310 
-0.50105298 
-0.51755279 
-0.53405267 
-0.55055255 
-0.56705236 
-0.58355224 
-0.60005212 
-0.61655200 
-0.63305187 
-0.64955175 
-0.66605163 
-0.68255156 
-0.69905144 
-0.71555132 
-0.73205125 
-0.74855113 
-0.76505101 
-0.78155094 
-0.79805082 
-0.81455076 
-0.83105069 
-0.84755057 
-0.86405051 
-0.88055044 
-0.89705038 
-0.91355032 
-0.93005019 
-0.94655013 
-0.96305007 
-0.97955000 
-0.99604994 
-1.01254988 
-1.02904987 
-1.04554975 
-1.06204975 
-1.07854974 
-1.09504962 
-1.11154962 
-1.12804949 
-1.14454949 
-1.16104949 
-1.17754936 
-1.19404936 
-1.21054935 
-1.22704923 
-1.24354923 
-1.26004922 
-1.27654922 
-1.29304910 
-1.30954909 
-1.32604909 
-1.34254909 
-1.35904896 
-1.37554896 
-1.39204895 
-1.40854895 
-1.42504895 
-1.44154882 
-1.45804882 
-1.47454882 
-1.49104881 
-1.50754881 
-1.52404881 
-1.54054868 
-1.55704868 
-1.57354867 
-1.59004867 
-1.60654867 
-1.62304866 
-1.63954866 
-1.65604854 
-1.67254853 
-1.68904853 
-1.70554852 
-1.72204852 
-1.73854852 
-1.75504851 
-1.77154851 
-1.78804851 
-1.80454850 
-1.82104850 
-1.83754838 
-1.85404837 
-1.87054837 
-1.88704836 
-1.90354836 
-1.92004836 
-1.93654835 
-1.95304835 
-1.96954834 
-1.98604834 
-2.00254822 
-2.01904821 
-2.03554821 
-2.05204821 
-2.06854820 
-2.08504820 
-2.10154819 
-2.11804819 
-2.13454819 
-2.15104818 
-2.16754818 
-2.18404818 
-2.20054817 
-2.21704817 
-2.23354816 
-2.25004816 
-2.26654816 
-2.28304815 
-2.29954815 
-2.31604815 
-2.33254814 
-2.34904814 
-2.36554813 
-2.38204813 
-2.39854813 
-2.41504812 
-2.43154812 
-2.44804811 
-2.46454811 
-2.48104811 
-2.49754810 
-2.51404810 
-2.53054810 
-2.54704809 
-2.56354809 
-2.58004808 
-2.59654808 
-2.61304808 
-2.62954807 
-2.64604807 
-2.66254807 
-2.67904806 
-2.69554806 
-2.71204805 
-2.72854805 
-2.74504805 
-2.76154804 
-2.77804804 
-2.79454803 
-2.81104803 
-2.82754803 
-2.84404802 
-2.86054802 
-2.87704802 
-2.89354801 
-2.91004801 
-2.92654800 
-2.94304800 
-2.95954800 
-2.97604799 
-2.99254799 
-3.00904799 
-3.02554798 
-3.04204798 
-3.05854797 
-3.07504797 
-3.09152937 
-3.10797238 
-3.12435889 
-3.14067316 
-3.15690064 
-3.17302823 
-3.18904424 
-3.20493793 
-3.22069979 
-3.23632073 
-3.25179315 
-3.26710987 
-3.28226399 
-3.29725003 
-3.31206203 
-3.32669568 
-3.34114623 
-3.35541010 
-3.36948323 
-3.38336253 
-3.39704537 
-3.41052938 
-3.42381191 
-3.43689132 
-3.44976616 
-3.46243501 
-3.47489667 
-3.48715043 
-3.49919558 
-3.51103187 
-3.52265906 
-3.53407741 
-3.54528713 
-3.55628848 
-3.56708241 
-3.57766938 
-3.58805060 
-3.59822702 
-3.60820031 
-3.61797142 
-3.62754202 
-3.63691425 
-3.64608932 
-3.65506959 
-3.66385674 
-3.67245317 
-3.68086076 
-3.68908238 
-3.69711995 
-3.70497608 
-3.71265316 
-3.72015405 
-3.72748113 
-3.73463702 
-3.74162459 
-3.74844670 
-3.75510573 
-3.76160502 
-3.76794672 
-3.77413416 
-3.78017020 
-3.78605747 
-3.79179883 
-3.79739714 
-3.80285525 
-3.80817604 
-3.81336236 
-3.81841683 
-3.82334232 
-3.82814169 
-3.83281755 
-3.83737254 
-3.84180951 
-3.84613109 
-3.85033989 
-3.85443830 
-3.85842919 
-3.86231470 
-3.86609769 
-3.86978030 
-3.87336516 
-3.87685442 
-3.88025045 
-3.88355565 
-3.88677216 
-3.88990235 
-3.89294791 
-3.89591146 
-3.89879489 
-3.90160012 
-3.90187740 
-3.90239763 
-3.90313125 
-3.90405393 
-3.90514421 
-3.90638471 
-3.90776110 
-3.90926123 
-3.91087580 
-3.91259742 
-3.91442037 
-3.91634059 
-3.91835475 
-3.92046165 
-3.92266011 
-3.92495012 
-3.92733264 
-3.92980838 
-3.93237901 
-3.93504643 
-3.93781257 
-3.94067931 
-3.94364905 
-3.94672346 
-3.94990468 
-3.95319390 
-3.95659304 
-3.96010280 
-3.96372366 
-3.96745610 
-3.97129965 
-3.97527432 
-3.97939062 
-3.98364997 
-3.98805189 
-3.99259520 
-3.99727726 
-4.00209522 
-4.00704527 
-4.01212311 
-4.01732302 
-4.02264023 
-4.02806807 
-4.03360128 
-4.03923225 
-4.04495525 
-4.05076313 
-4.05664921 
-4.06260538 
-4.06862497 
-4.07470131 
-4.08082676 
-4.08699369 
-4.09319496 
-4.09942389 
-4.10567236 
-4.11193371 
-4.11820126 
-4.12446690 
-4.13072395 
-4.13696527 
-4.14318419 
-4.14937353 
-4.15552568 
-4.16163492 
-4.16769314 
-4.17369461 
-4.17963123 
-4.18549681 
-4.19128466 
-4.19698763 
-4.20259857 
-4.20811081 
-4.21351719 
-4.21881104 
-4.22398567 
-4.22903347 
-4.23394775 
-4.23872185 
-4.24334764 
-4.24781895 
-4.25212812 
-4.25626850 
-4.26023245 
-4.26401281 
-4.26757050 
-4.27085638 
-4.27386951 
-4.27660942 
-4.27907467 
-4.28126478 
-4.28317928 
-4.28481817 
-4.28618002 
-4.28726530 
-4.28807354 
-4.28860378 
-4.28885698 
-4.28883219 
-4.28852987 
-4.28795052 
-4.28709316 
-4.28595877 
-4.28454781 
-4.28285980 
-4.28089619 
-4.27865744 
-4.27614355 
-4.27335548 
-4.27029371 
-4.26695967 
-4.26335382 
-4.25947762 
-4.25533152 
-4.25091648 
-4.24623489 
-4.24130774 
-4.23619509 
-4.23094320 
-4.22556067 
-4.22005749 
-4.21444273 
-4.20872545 
-4.20291519 
-4.19702005 
-4.19104862 
-4.18501091 
-4.17891407 
-4.17276764 
-4.16657925 
-4.16035843 
-4.15411234 
-4.14784956 
-4.14157915 
-4.13530827 
-4.12904549 
-4.12279892 
-4.11657715 
-4.11038780 
-4.10423899 
-4.09813929 
-4.09209681 
-4.08611965 
-4.08021593 
-4.07439375 
-4.06866217 
-4.06302929 
-4.05750322 
-4.05209255 
-4.04680634 
-4.04165268 
-4.03664064 
-4.03177881 
-4.02707577 
-4.02254152 
-4.01818419 
-4.01401281 
-4.01003742 
-4.00626659 
-4.00270987 
-3.99937701 
-3.99627709 
-3.99341989 
-3.99081492 
-3.98847198 
-3.98640084 
-3.98461103 
-3.98311257 
-3.98191500 
-3.98102832 
-3.98046231 
-3.98020005 
-3.98020482 
-3.98044205 
-3.98087811 
-3.98148227 
-3.98222709 
-3.98308682 
-3.98403692 
-3.98506808 
-3.98617005 
-3.98733306 
-3.98854661 
-3.98980021 
-3.99108315 
-3.99238491 
-3.99369502 
-3.99500275 
-3.99629807 
-3.99757051 
-3.99880981 
-4.00000620 
-4.00115013 
-4.00223255 
-4.00324345 
-4.00417471 
-4.00501728 
-4.00576353 
-4.00641012 
-4.00696230 
-4.00742722 
-4.00781107 
-4.00811958 
-4.00835991 
-4.00853729 
-4.00865841 
-4.00872898 
-4.00875425 
-4.00873995 
-4.00868988 
-4.00860977 
-4.00850344 
-4.00837421 
-4.00822687 
-4.00806332 
-4.00788736 
-4.00770140 
-4.00750780 
-4.00730896 
-4.00710630 
-4.00690126 
-4.00669575 
-4.00649071 
-4.00628757 
-4.00608683 
-4.00588894 
-4.00569534 
-4.00550556 
-4.00532055 
-4.00514078 
-4.00496578 
-4.00479650 
-4.00463247 
-4.00447416 
-4.00432110 
-4.00417328 
-4.00403070 
-4.00389385 
-4.00376177 
-4.00363493 
-4.00351238 
-4.00339508 
-4.00328207 
-4.00317335 
-4.00306940 
-4.00296879 
-4.00287247 
-4.00277948 
-4.00269032 
-4.00260496 
-4.00252247 
-4.00244284 
-4.00236654 
-4.00229263 
-4.00222206 
-4.00215387 
-4.00208807 
-4.00202417 
-4.00196314 
-4.00190401 
-4.00184727 
-4.00179195 
-4.00173903 
-4.00168753 
-4.00163794 
-4.00158978 
-4.00154352 
-4.00153971 
-4.00142336 
-4.00119400 
-4.00085115 
-4.00039387 
-3.99982071 
-3.99913049 
-3.99832201 
-3.99739313 
-3.99634218 
-3.99516726 
-3.99386597 
-3.99243617 
-3.99087501 
-3.98918033 
-3.98734856 
-3.98537660 
-3.98326087 
-3.98099780 
-3.97858286 
-3.97601175 
-3.97327948 
-3.97038078 
-3.96731019 
-3.96406150 
-3.96062827 
-3.95700383 
-3.95318031 
-3.94915056 
-3.94490623 
-3.94043851 
-3.93581343 
-3.93105507 
-3.92615652 
-3.92111063 
-3.91591096 
-3.91055083 
-3.90502405 
-3.89932466 
-3.89344692 
-3.88738561 
-3.88113546 
-3.87469172 
-3.86804986 
-3.86120558 
-3.85415459 
-3.84689307 
-3.83941746 
-3.83172441 
-3.82381058 
-3.81567311 
-3.80730891 
-3.79871535 
-3.78988981 
-3.78083014 
-3.77153373 
-3.76199889 
-3.75222301 
-3.74220467 
-3.73194194 
-3.72143316 
-3.71067643 
-3.69967055 
-3.68841410 
-3.67690563 
-3.66514421 
-3.65312839 
-3.64085722 
-3.62832999 
-3.61554575 
-3.60250401 
-3.58920407 
-3.57564545 
-3.56182790 
-3.54775143 
-3.53341556 
-3.51882100 
-3.50396800 
-3.48885679 
-3.47348809 
-3.45786309 
-3.44198275 
-3.42584848 
-3.40947747 
-3.39304471 
-3.37655425 
-3.36001086 
-3.34341908 
-3.32678318 
-3.31010795 
-3.29339790 
-3.27665734 
-3.25989103 
-3.24310350 
-3.22629929 
-3.20948315 
-3.19265914 
-3.17583251 
-3.15900755 
-3.14218855 
-3.12538052 
-3.10858798 
-3.09181523 
-3.07506704 
-3.05834818 
-3.04166269 
-3.02501535 
-3.00841093 
-2.99185348 
-2.97534800 
-2.95889878 
-2.94251013 
-2.92618656 
-2.90993285 
-2.89375305 
-2.87765121 
-2.86162329 
-2.84566283 
-2.82976723 
-2.81393409 
-2.79816031 
-2.78244305 
-2.76677918 
-2.75116491 
-2.73559737 
-2.72007251 
-2.70458674 
-2.68913627 
-2.67371726 
-2.65832543 
-2.64295697 
-2.62760758 
-2.61227345 
-2.59695053 
-2.58163428 
-2.56632090 
-2.55100632 
-2.53568625 
-2.52035689 
-2.50501442 
-2.48965478 
-2.47427440 
-2.45886946 
-2.44343638 
-2.42797184 
-2.41247272 
-2.39693594 
-2.38135815 
-2.36573696 
-2.35006976 
-2.33435440 
-2.31858826 
-2.30276990 
-2.28689790 
-2.27097034 
-2.25498652 
-2.23894572 
-2.22284746 
-2.20669174 
-2.19047880 
-2.17420912 
-2.15788388 
-2.14150453 
-2.12507296 
-2.10859108 
-2.09206200 
-2.07548881 
-2.05887508 
-2.04222512 
-2.02554369 
-2.00883579 
-1.99210727 
-1.97536838 
-1.95863152 
-1.94190621 
-1.92519963 
-1.90851617 
-1.89185834 
-1.87522554 
-1.85861671 
-1.84203088 
-1.82546687 
-1.80892336 
-1.79239893 
-1.77589190 
-1.75940084 
-1.74292397 
-1.72645974 
-1.71000636 
-1.69356191 
-1.67712486 
-1.66069341 
-1.64426589 
-1.62784052 
-1.61141586 
-1.59499025 
-1.57856238 
-1.56213081 
-1.54569435 
-1.52925193 
-1.51280260 
-1.49634552 
-1.47988021 
-1.46340632 
-1.44692338 
-1.43043160 
-1.41393125 
-1.39742267 
-1.38090670 
-1.36438441 
-1.34785771 
-1.33132899 
-1.31480050 
-1.29827392 
-1.28175068 
-1.26523149 
-1.24871707 
-1.23220766 
-1.21570301 
-1.19920301 
-1.18270719 
-1.16621518 
-1.14972603 
-1.13323951 
-1.11675477 
-1.10027122 
-1.08378851 
-1.06730604 
-1.05082333 
-1.03434026 
-1.01785648 
-1.00137174 
-0.98488599 
-0.96839911 
-0.95191103 
-0.93542182 
-0.91893601 
-0.90247506 
-0.88605815 
-0.86970258 
-0.85342377 
-0.83723581 
-0.82115138 
-0.80518192 
-0.78933769 
-0.77362823 
-0.75806195 
-0.74264663 
-0.72738922 
-0.71229619 
-0.69737321 
-0.68262559 
-0.66805804 
-0.65367484 
-0.63947982 
-0.62547642 
-0.61166769 
-0.59805644 
-0.58464503 
-0.57143545 
-0.55842966 
-0.54562902 
-0.53303480 
-0.52064806 
-0.50846946 
-0.49649954 
-0.48473856 
-0.47318664 
-0.46184358 
-0.45070910 
-0.43978268 
-0.42906359 
-0.41855094 
-0.40824375 
-0.39814082 
-0.38824078 
-0.37854216 
-0.36904338 
-0.35974267 
-0.35063821 
-0.34172797 
-0.33300999 
-0.32448199 
-0.31614181 
-0.30798706 
-0.30001539 
-0.29222426 
-0.28461117 
-0.27717349 
-0.26990864 
-0.26281387 
-0.25588650 
-0.24912372 
-0.24252279 
-0.23608090 
-0.22979522 
-0.22366291 
-0.21768114 
-0.21184704 
-0.20615779 
-0.20061052 
-0.19520243 
-0.18993066 
-0.18479243 
-0.17978494 
-0.17490540 
-0.17015110 
-0.16551928 
-0.16100726 
-0.15661235 
-0.15233195 
-0.14816342 
-0.14410421 
-0.14015177 
-0.13630360 
-0.13255727 
-0.12891032 
-0.12536037 
-0.12190509 
-0.11854216 
-0.11526933 
-0.11208438 
-0.10898511 
-0.10596940 
-0.10303514 
-0.10018028 
-0.09740280 
