0.00001723 
0.00001400 
0.00000861 
0.00001152 
0.00001270 
0.00001777 
0.00002646 
0.00004490 
0.00003416 
0.00003413 
0.00005037 
0.00005267 
0.00005434 
0.00005264 
0.00005270 
0.00005382 
0.00003958 
0.00003868 
0.00002492 
0.00003297 
-0.00000135 
-0.00001633 
-0.00000516 
-0.00000733 
-0.00003960 
-0.00001713 
0.00000601 
0.00000506 
-0.00000238 
-0.00002547 
-0.00002712 
-0.00002246 
-0.00002616 
-0.00001982 
-0.00001768 
0.00000462 
-0.00000431 
-0.00002676 
-0.00003276 
-0.00000973 
-0.00001602 
0.00000983 
-0.00001321 
-0.00000088 
0.00000497 
0.00002018 
0.00002971 
0.00002336 
0.00003519 
0.00003598 
0.00004456 
0.00005048 
0.00007615 
0.00007672 
0.00008664 
0.00009574 
0.00010655 
0.00008637 
0.00007460 
0.00008495 
0.00008307 
0.00007089 
0.00007472 
0.00006385 
0.00005239 
0.00004198 
0.00004082 
0.00004256 
0.00003968 
0.00002782 
0.00003201 
0.00003799 
0.00001392 
0.00000321 
0.00000952 
0.00004189 
0.00001932 
0.00005601 
0.00006362 
0.00007665 
0.00006011 
0.00005551 
0.00003159 
0.00004230 
0.00003556 
0.00002949 
0.00002256 
0.00002726 
0.00002112 
0.00003944 
0.00006354 
0.00002970 
0.00001264 
0.00002005 
0.00001985 
0.00003175 
0.00003545 
0.00002570 
0.00004027 
0.00005406 
0.00006371 
0.00006031 
0.00007342 
0.00007336 
0.00006484 
0.00007344 
0.00006953 
0.00007308 
0.00005177 
0.00008934 
0.00010608 
0.00012894 
0.00011347 
0.00013268 
0.00015726 
0.00016860 
0.00018227 
0.00016334 
0.00013649 
0.00014298 
0.00016487 
0.00016953 
0.00019585 
0.00020869 
0.00022006 
0.00021194 
0.00017280 
0.00016977 
0.00014343 
0.00016248 
0.00019141 
0.00021325 
0.00022262 
0.00023005 
0.00021441 
0.00023602 
0.00022255 
0.00022823 
0.00021742 
0.00020426 
0.00020821 
0.00019651 
0.00018704 
0.00018839 
0.00016053 
0.00016945 
0.00017862 
0.00017616 
0.00017713 
0.00016250 
0.00016648 
0.00014516 
0.00015969 
0.00016139 
0.00019311 
0.00021032 
0.00020648 
0.00023256 
0.00022907 
0.00024021 
0.00022996 
0.00024435 
0.00023905 
0.00024586 
0.00025491 
0.00026097 
0.00024230 
0.00023050 
0.00022034 
0.00021375 
0.00018890 
0.00019517 
0.00019802 
0.00019236 
0.00018327 
0.00018227 
0.00019028 
0.00017168 
0.00015116 
0.00014991 
0.00014885 
0.00011093 
0.00011864 
0.00011013 
0.00012548 
0.00013382 
0.00014525 
0.00017269 
0.00017056 
0.00018085 
0.00019731 
0.00022585 
0.00023298 
0.00022581 
0.00021179 
0.00019417 
0.00018849 
0.00018061 
0.00016605 
0.00019391 
0.00021255 
0.00018715 
0.00019977 
0.00016178 
0.00016834 
0.00015463 
0.00015951 
0.00015343 
0.00015679 
0.00017107 
0.00016479 
0.00018059 
0.00018636 
0.00020627 
0.00021126 
0.00022129 
0.00020894 
0.00022067 
0.00024076 
0.00023277 
0.00024993 
0.00023901 
0.00023247 
0.00023127 
0.00025370 
0.00026183 
0.00027508 
0.00026590 
0.00025371 
0.00021012 
0.00023002 
0.00021356 
0.00022200 
0.00022015 
0.00024316 
0.00025529 
0.00027449 
0.00027926 
0.00029491 
0.00028842 
0.00028009 
0.00025002 
0.00025111 
0.00023979 
0.00021824 
0.00022967 
0.00023500 
0.00022674 
0.00026450 
0.00026712 
0.00028075 
0.00029479 
0.00028436 
0.00026171 
0.00025667 
0.00025689 
0.00024662 
0.00023187 
0.00023572 
0.00022142 
0.00023197 
0.00024310 
0.00024918 
0.00025393 
0.00024139 
0.00029481 
0.00028926 
0.00028322 
0.00025931 
0.00026234 
0.00025555 
0.00025932 
0.00026663 
0.00025168 
0.00024177 
0.00024107 
0.00020545 
0.00017954 
0.00020998 
0.00021415 
0.00025105 
0.00025177 
0.00026108 
0.00024531 
0.00023862 
0.00024441 
0.00024296 
0.00023053 
0.00023690 
0.00024299 
0.00025053 
0.00024237 
0.00025084 
0.00024434 
0.00026739 
0.00027150 
0.00027930 
0.00025296 
0.00027193 
0.00024442 
0.00022644 
0.00021379 
0.00020376 
0.00018088 
0.00017602 
0.00018415 
0.00016498 
0.00018397 
0.00018609 
0.00016850 
0.00019791 
0.00018820 
0.00018559 
0.00017757 
0.00020240 
0.00018822 
0.00018940 
0.00021641 
0.00024440 
0.00024739 
0.00025658 
0.00026348 
0.00028280 
0.00028456 
0.00030018 
0.00028810 
0.00029722 
0.00032254 
0.00033627 
0.00035275 
0.00036139 
0.00036262 
0.00036133 
0.00037431 
0.00039303 
0.00039480 
0.00039866 
0.00042384 
0.00044311 
0.00044192 
0.00045458 
0.00045157 
0.00044134 
0.00043457 
0.00041831 
0.00042660 
0.00045107 
0.00042579 
0.00041447 
0.00040271 
0.00039171 
0.00040386 
0.00039647 
0.00037917 
0.00038483 
0.00040812 
0.00039846 
0.00036551 
0.00037398 
0.00036548 
0.00038455 
0.00035424 
0.00036232 
0.00034978 
0.00034230 
0.00035419 
0.00035191 
0.00035141 
0.00033668 
0.00032617 
0.00031308 
0.00032713 
0.00032486 
0.00031535 
0.00031864 
0.00033487 
0.00034171 
0.00032400 
0.00034274 
0.00034908 
0.00035201 
0.00032670 
0.00036915 
0.00035754 
0.00034073 
0.00038903 
0.00039680 
0.00038484 
0.00038100 
0.00037785 
0.00038287 
0.00037069 
0.00035487 
0.00034449 
0.00034849 
0.00034123 
0.00035492 
0.00034605 
0.00033337 
0.00034040 
0.00031400 
0.00034074 
0.00034484 
0.00035574 
0.00035727 
0.00033898 
0.00033809 
0.00031395 
0.00032580 
0.00031392 
0.00031114 
0.00029752 
0.00031809 
0.00042979 
0.00065082 
0.00098606 
0.00143976 
0.00199747 
0.00269052 
0.00348517 
0.00438010 
0.00541487 
0.00656680 
0.00784278 
0.00922315 
0.01075065 
0.01240994 
0.01418645 
0.01607904 
0.01814715 
0.02037710 
0.02273394 
0.02523601 
0.02788422 
0.03071069 
0.03369410 
0.03691107 
0.04027470 
0.04381989 
0.04753760 
0.05145186 
0.05557844 
0.05994804 
0.06446232 
0.06910986 
0.07389755 
0.07883078 
0.08393645 
0.08919907 
0.09462664 
0.10022568 
0.10598273 
0.11192099 
0.11804073 
0.12435384 
0.13087467 
0.13758711 
0.14448824 
0.15161118 
0.15894391 
0.16651114 
0.17429784 
0.18228585 
0.19048731 
0.19895018 
0.20762963 
0.21656894 
0.22571099 
0.23508142 
0.24470056 
0.25454729 
0.26465267 
0.27501185 
0.28557574 
0.29639988 
0.30748230 
0.31883922 
0.33043136 
0.34229131 
0.35440314 
0.36674644 
0.37937671 
0.39225364 
0.40539114 
0.41878643 
0.43243556 
0.44634469 
0.46049184 
0.47492093 
0.48959692 
0.50449851 
0.51969084 
0.53514308 
0.55086703 
0.56681645 
0.58305346 
0.59942363 
0.61583657 
0.63232259 
0.64888465 
0.66548698 
0.68214937 
0.69884780 
0.71558946 
0.73233984 
0.74909049 
0.76588343 
0.78269516 
0.79951598 
0.81635197 
0.83317387 
0.85001523 
0.86686429 
0.88366286 
0.90047738 
0.91724853 
0.93399092 
0.95070277 
0.96736852 
0.98401618 
1.00060667 
1.01717428 
1.03366530 
1.05008459 
1.06645638 
1.08275589 
1.09899074 
1.11516728 
1.13125030 
1.14726655 
1.16318991 
1.17908192 
1.19490885 
1.21066163 
1.22636823 
1.24201638 
1.25761761 
1.27317995 
1.28871355 
1.30418188 
1.31964531 
1.33504929 
1.35044027 
1.36580843 
1.38114620 
1.39649991 
1.41184464 
1.42717314 
1.44250214 
1.45783315 
1.47315005 
1.48849852 
1.50385119 
1.51922416 
1.53463170 
1.55002153 
1.56548663 
1.58093405 
1.59643042 
1.61196828 
1.62757584 
1.64321243 
1.65888395 
1.67460645 
1.69039310 
1.70622896 
1.72209619 
1.73805538 
1.75405150 
1.77012397 
1.78623914 
1.80238805 
1.81860318 
1.83490277 
1.85126575 
1.86768854 
1.88415126 
1.90063275 
1.91716292 
1.93376250 
1.95038525 
1.96703945 
1.98374388 
2.00047528 
2.01721764 
2.03395991 
2.05072984 
2.06745226 
2.08414734 
2.10082122 
2.11749275 
2.13411195 
2.15071015 
2.16728882 
2.18385743 
2.20039428 
2.21693134 
2.23341644 
2.24992359 
2.26640405 
2.28285887 
2.29929165 
2.31575219 
2.33217419 
2.34862225 
2.36503968 
2.38146047 
2.39786691 
2.41429993 
2.43070709 
2.44715510 
2.46360529 
2.48004602 
2.49651035 
2.51298637 
2.52946910 
2.54595133 
2.56244404 
2.57896922 
2.59547528 
2.61198842 
2.62852455 
2.64505553 
2.66158215 
2.67811964 
2.69466621 
2.71120020 
2.72772981 
2.74424126 
2.76073908 
2.77723180 
2.79373729 
2.81021180 
2.82670978 
2.84321704 
2.85972987 
2.87621010 
2.89271212 
2.90920412 
2.92568778 
2.94216467 
2.95864816 
2.97509396 
2.99155917 
3.00803183 
3.02452425 
3.04102336 
3.05750153 
3.07399173 
3.09047067 
3.10691496 
3.12329179 
3.13958110 
3.15581122 
3.17194394 
3.18799446 
3.20391484 
3.21969566 
3.23532849 
3.25078364 
3.26611315 
3.28126445 
3.29624916 
3.31104634 
3.32569722 
3.34016284 
3.35444865 
3.36855977 
3.38244784 
3.39616419 
3.40965966 
3.42296030 
3.43603375 
3.44889802 
3.46158901 
3.47407308 
3.48636122 
3.49841457 
3.51025963 
3.52192484 
3.53334956 
3.54459044 
3.55561622 
3.56644767 
3.57705934 
3.58748122 
3.59766416 
3.60764191 
3.61743467 
3.62702245 
3.63642135 
3.64560561 
3.65459706 
3.66339855 
3.67200634 
3.68042676 
3.68866773 
3.69672846 
3.70461626 
3.71232704 
3.71985902 
3.72719631 
3.73436018 
3.74136370 
3.74823417 
3.75491823 
3.76141780 
3.76775753 
3.77397455 
3.78002811 
3.78594536 
3.79169421 
3.79729094 
3.80278008 
3.80809509 
3.81331500 
3.81839432 
3.82333198 
3.82814739 
3.83284745 
3.83742552 
3.84189480 
3.84620440 
3.85042406 
3.85455402 
3.85854116 
3.86243440 
3.86622698 
3.86991556 
3.87350493 
3.87699377 
3.88040689 
3.88371339 
3.88696855 
3.89012193 
3.89316908 
3.89614240 
3.89903620 
3.90185127 
3.90214251 
3.90273604 
3.90356717 
3.90465742 
3.90590198 
3.90729090 
3.90886191 
3.91056478 
3.91238833 
3.91431199 
3.91636790 
3.91851119 
3.92073128 
3.92304813 
3.92547529 
3.92800036 
3.93058966 
3.93329265 
3.93606744 
3.93892867 
3.94190131 
3.94501088 
3.94817540 
3.95143197 
3.95478763 
3.95826492 
3.96183879 
3.96549585 
3.96929562 
3.97317308 
3.97717720 
3.98126219 
3.98550736 
3.98988810 
3.99437764 
3.99901807 
4.00379112 
4.00871723 
4.01377403 
4.01891953 
4.02419431 
4.02957807 
4.03509382 
4.04065716 
4.04633477 
4.05208610 
4.05796121 
4.06387709 
4.06986075 
4.07591336 
4.08198930 
4.08814437 
4.09433035 
4.10052282 
4.10676170 
4.11301422 
4.11924188 
4.12550636 
4.13173652 
4.13798695 
4.14419176 
4.15037158 
4.15649543 
4.16260119 
4.16864842 
4.17463923 
4.18057266 
4.18644883 
4.19224469 
4.19794735 
4.20357089 
4.20909902 
4.21451155 
4.21983013 
4.22502665 
4.23009601 
4.23503894 
4.23982912 
4.24444588 
4.24893518 
4.25323876 
4.25741249 
4.26142292 
4.26520449 
4.26882382 
4.27217143 
4.27525112 
4.27800785 
4.28052101 
4.28272818 
4.28468816 
4.28636654 
4.28776670 
4.28892056 
4.28976980 
4.29033827 
4.29063970 
4.29068239 
4.29042968 
4.28988097 
4.28909103 
4.28800999 
4.28664016 
4.28500866 
4.28309043 
4.28088827 
4.27844853 
4.27572693 
4.27269388 
4.26944236 
4.26589211 
4.26204478 
4.25794119 
4.25360400 
4.24895704 
4.24407557 
4.23896715 
4.23372458 
4.22834770 
4.22287506 
4.21728293 
4.21156268 
4.20575265 
4.19986969 
4.19390779 
4.18786199 
4.18175626 
4.17558395 
4.16936151 
4.16310586 
4.15686411 
4.15057933 
4.14432331 
4.13803271 
4.13175320 
4.12550594 
4.11926461 
4.11306384 
4.10690483 
4.10078403 
4.09470204 
4.08868408 
4.08273357 
4.07688808 
4.07113416 
4.06546400 
4.05991439 
4.05444408 
4.04913584 
4.04393554 
4.03888997 
4.03395841 
4.02921153 
4.02463354 
4.02022657 
4.01599046 
4.01195736 
4.00813579 
4.00448341 
4.00108424 
3.99791151 
3.99497704 
3.99230176 
3.98989650 
3.98772918 
3.98586591 
3.98428062 
3.98300820 
3.98204837 
3.98140889 
3.98108720 
3.98102013 
3.98118807 
3.98155782 
3.98211805 
3.98282805 
3.98363931 
3.98455087 
3.98557081 
3.98667871 
3.98782223 
3.98903375 
3.99026917 
3.99155811 
3.99286915 
3.99416592 
3.99547179 
3.99676729 
3.99804283 
3.99930059 
4.00052513 
4.00171947 
4.00280569 
4.00385066 
4.00479261 
4.00567004 
4.00644060 
4.00713565 
4.00771355 
4.00820069 
4.00862722 
4.00896290 
4.00923584 
4.00942749 
4.00955274 
4.00962022 
4.00967932 
4.00967187 
4.00963557 
4.00955638 
4.00944337 
4.00932441 
4.00919793 
4.00902489 
4.00884896 
4.00864343 
4.00843413 
4.00823529 
4.00799237 
4.00776517 
4.00751696 
4.00730798 
4.00706513 
4.00686973 
4.00665076 
4.00644006 
4.00627960 
4.00607681 
4.00586450 
4.00568440 
4.00552177 
4.00534892 
4.00518688 
4.00501290 
4.00486390 
4.00472317 
4.00457251 
4.00444405 
4.00429688 
4.00416586 
4.00407329 
4.00394831 
4.00384377 
4.00374759 
4.00363789 
4.00354615 
4.00346445 
4.00335431 
4.00327142 
4.00317693 
4.00310469 
4.00300706 
4.00291683 
4.00284727 
4.00278111 
4.00268718 
4.00260756 
4.00255648 
4.00252214 
4.00245964 
4.00239774 
4.00234153 
4.00227804 
4.00221711 
4.00215406 
4.00212649 
4.00212836 
4.00202064 
4.00180451 
4.00145725 
4.00101731 
4.00043840 
3.99974828 
3.99896373 
3.99801634 
3.99695497 
3.99577535 
3.99447187 
3.99305207 
3.99148258 
3.98976156 
3.98792048 
3.98594468 
3.98386388 
3.98156898 
3.97917088 
3.97658101 
3.97384743 
3.97093556 
3.96787174 
3.96461954 
3.96117478 
3.95754730 
3.95372086 
3.94969136 
3.94544235 
3.94095115 
3.93630183 
3.93154030 
3.92663551 
3.92156063 
3.91636790 
3.91098508 
3.90544576 
3.89973362 
3.89383058 
3.88776496 
3.88149694 
3.87503333 
3.86835059 
3.86148090 
3.85443499 
3.84719026 
3.83968701 
3.83197949 
3.82403989 
3.81588576 
3.80750481 
3.79888451 
3.79004759 
3.78099870 
3.77168778 
3.76213914 
3.75232728 
3.74228335 
3.73198960 
3.72145827 
3.71069577 
3.69969635 
3.68843954 
3.67690019 
3.66511253 
3.65307058 
3.64075969 
3.62821814 
3.61541568 
3.60234527 
3.58901643 
3.57541443 
3.56159097 
3.54745416 
3.53309030 
3.51844830 
3.50357090 
3.48842004 
3.47303947 
3.45740916 
3.44149620 
3.42531272 
3.40891486 
3.39247386 
3.37598785 
3.35945355 
3.34286257 
3.32622458 
3.30957238 
3.29285969 
3.27613825 
3.25938129 
3.24260322 
3.22578885 
3.20898268 
3.19216612 
3.17534379 
3.15850428 
3.14170902 
3.12492240 
3.10813245 
3.09134644 
3.07458483 
3.05785743 
3.04114826 
3.02449469 
3.00789307 
2.99133702 
2.97484699 
2.95839103 
2.94199498 
2.92567300 
2.90942250 
2.89320737 
2.87708955 
2.86105153 
2.84507555 
2.82918502 
2.81335723 
2.79757860 
2.78188791 
2.76621835 
2.75060843 
2.73504503 
2.71952456 
2.70404911 
2.68861220 
2.67319641 
2.65780457 
2.64245058 
2.62709472 
2.61175945 
2.59646970 
2.58117163 
2.56587603 
2.55055400 
2.53524484 
2.51990086 
2.50455749 
2.48920263 
2.47383187 
2.45841485 
2.44297451 
2.42750893 
2.41201019 
2.39646278 
2.38086281 
2.36522574 
2.34956806 
2.33386700 
2.31810087 
2.30227324 
2.28641936 
2.27050001 
2.25453488 
2.23850646 
2.22241029 
2.20625578 
2.19004280 
2.17374985 
2.15742696 
2.14102168 
2.12458926 
2.10812349 
2.09159520 
2.07503248 
2.05842018 
2.04177321 
2.02510375 
2.00838746 
1.99165806 
1.97491108 
1.95816971 
1.94146100 
1.92476124 
1.90806620 
1.89140484 
1.87477341 
1.85816899 
1.84157725 
1.82502689 
1.80850255 
1.79196404 
1.77544996 
1.75895689 
1.74250858 
1.72605483 
1.70961681 
1.69317071 
1.67673501 
1.66030626 
1.64388552 
1.62746356 
1.61103088 
1.59461201 
1.57818554 
1.56176249 
1.54532898 
1.52889597 
1.51245817 
1.49600873 
1.47956760 
1.46309538 
1.44661782 
1.43013383 
1.41366288 
1.39713260 
1.38060766 
1.36410951 
1.34755766 
1.33102621 
1.31447805 
1.29790031 
1.28136279 
1.26482335 
1.24830826 
1.23178443 
1.21528148 
1.19876894 
1.18225388 
1.16576140 
1.14930166 
1.13281736 
1.11634109 
1.09985440 
1.08339560 
1.06691090 
1.05043404 
1.03397127 
1.01750376 
1.00103106 
0.98451003 
0.96800904 
0.95152353 
0.93503839 
0.91857675 
0.90207431 
0.88556904 
0.86905771 
0.85254840 
0.83604805 
0.81953285 
0.80300731 
0.78650410 
0.77000745 
0.75349279 
0.73697574 
0.72047563 
0.70398832 
0.68743704 
0.67093773 
0.65442828 
0.63792101 
0.62144533 
0.60494874 
0.58844015 
0.57194347 
0.55544052 
0.53895307 
0.52245681 
0.50594671 
0.48945308 
0.47294584 
0.45645124 
0.43995074 
0.42344903 
0.40694003 
0.39041806 
0.37392013 
0.35744791 
0.34095544 
0.32445238 
0.30795475 
0.29147523 
0.27496946 
0.25848900 
0.24198842 
0.22549605 
0.20898782 
0.19251075 
0.17601014 
0.15949907 
0.14299425 
0.12649668 
0.11000070 
0.09351569 
0.07700245 
0.06051032 
0.04401271 
0.02747412 
0.01099216 
-0.00551123 
-0.02201188 
-0.03851329 
-0.05501341 
-0.07152223 
-0.08802837 
-0.10450369 
-0.12096994 
-0.13747861 
-0.15397584 
-0.17046654 
-0.18697991 
-0.20347276 
-0.21997380 
-0.23648824 
-0.25299108 
-0.26948490 
-0.28598869 
-0.30249296 
-0.31902131 
-0.33552311 
-0.35204807 
-0.36854540 
-0.38504487 
-0.40155080 
-0.41804694 
-0.43454594 
-0.45102678 
-0.46752607 
-0.48400697 
-0.50051731 
-0.51704475 
-0.53353774 
-0.55002858 
-0.56653267 
-0.58301340 
-0.59949111 
-0.61597561 
-0.63250391 
-0.64898998 
-0.66549563 
-0.68198780 
-0.69846686 
-0.71497472 
-0.73148145 
-0.74797240 
-0.76446467 
-0.78096399 
-0.79746202 
-0.81395950 
-0.83046589 
-0.84696246 
-0.86343721 
-0.87994930 
-0.89645499 
-0.91294869 
-0.92944074 
-0.94593526 
-0.96247687 
-0.97897973 
-0.99545349 
-1.01193817 
-1.02842890 
-1.04491302 
-1.06141433 
-1.07792887 
-1.09446984 
-1.11098047 
-1.12745399 
-1.14395757 
-1.16049461 
-1.17699876 
-1.19354017 
-1.21006615 
-1.22656928 
-1.24306562 
-1.25956593 
-1.27606483 
-1.29257177 
-1.30907034 
-1.32556743 
-1.34208502 
-1.35858842 
-1.37509035 
-1.39159636 
-1.40809813 
-1.42458778 
-1.44107905 
-1.45760097 
-1.47408024 
-1.49057254 
-1.50706968 
-1.52360679 
-1.54009883 
-1.55659297 
-1.57308188 
-1.58957243 
-1.60606469 
-1.62255437 
-1.63905091 
-1.65556892 
-1.67207024 
-1.68859241 
-1.70510149 
-1.72160755 
-1.73812353 
-1.75461856 
-1.77110162 
-1.78759072 
-1.80410425 
-1.82058524 
-1.83706649 
-1.85357465 
-1.87009131 
-1.88660665 
-1.90310463 
-1.91960111 
-1.93611181 
-1.95261969 
-1.96910318 
-1.98559559 
-2.00208949 
-2.01858311 
-2.03508855 
-2.05159326 
-2.06810051 
-2.08457347 
-2.10105407 
-2.11756163 
-2.13405581 
-2.15055269 
-2.16704838 
-2.18354453 
-2.20003776 
-2.21653402 
-2.23301341 
-2.24951001 
-2.26602899 
-2.28253522 
-2.29901621 
-2.31552523 
-2.33203563 
-2.34852213 
-2.36504108 
-2.38153336 
-2.39803937 
-2.41453690 
-2.43102351 
-2.44751239 
-2.46401519 
-2.48049718 
-2.49699631 
-2.51347475 
-2.52997429 
-2.54646463 
-2.56297632 
-2.57949502 
-2.59599545 
-2.61248991 
-2.62896662 
-2.64545743 
-2.66194601 
-2.67843980 
-2.69492393 
-2.71143268 
-2.72794356 
-2.74445278 
-2.76095782 
-2.77745757 
-2.79399246 
-2.81049616 
-2.82699984 
-2.84347428 
-2.85998727 
-2.87649249 
-2.89298170 
-2.90949884 
-2.92600956 
-2.94250453 
-2.95898857 
-2.97548466 
-2.99197628 
-3.00844739 
-3.02495522 
-3.04148822 
-3.05800592 
-3.07451330 
-3.09100778 
-3.10746014 
-3.12384172 
-3.14015585 
-3.15636568 
-3.17251166 
-3.18852714 
-3.20441856 
-3.22018764 
-3.23579961 
-3.25127759 
-3.26659160 
-3.28176814 
-3.29674497 
-3.31157696 
-3.32622764 
-3.34066885 
-3.35491188 
-3.36897787 
-3.38284388 
-3.39650452 
-3.40999863 
-3.42327553 
-3.43634478 
-3.44923753 
-3.46190570 
-3.47434253 
-3.48660379 
-3.49865982 
-3.51047880 
-3.52210561 
-3.53352601 
-3.54473255 
-3.55571916 
-3.56652043 
-3.57709140 
-3.58748901 
-3.59767265 
-3.60766725 
-3.61744248 
-3.62701903 
-3.63639854 
-3.64556485 
-3.65454280 
-3.66336389 
-3.67197639 
-3.68037489 
-3.68859493 
-3.69666708 
-3.70450686 
-3.71217381 
-3.71966535 
-3.72699953 
-3.73416090 
-3.74112998 
-3.74794758 
-3.75460980 
-3.76110445 
-3.76746374 
-3.77367045 
-3.77970675 
-3.78559944 
-3.79134366 
-3.79696530 
-3.80239356 
-3.80768715 
-3.81287961 
-3.81793101 
-3.82286562 
-3.82771078 
-3.83237609 
-3.83693237 
-3.84135880 
-3.84569755 
-3.84991709 
-3.85401277 
-3.85801616 
-3.86195006 
-3.86573871 
-3.86940675 
-3.87295327 
-3.87643560 
-3.87982461 
-3.88311902 
-3.88634451 
-3.88947864 
-3.89251008 
-3.89548364 
-3.89835197 
-3.90115612 
-3.90141400 
-3.90192339 
-3.90265529 
-3.90358259 
-3.90467625 
-3.90590771 
-3.90727826 
-3.90878042 
-3.91040165 
-3.91211296 
-3.91393035 
-3.91581460 
-3.91783434 
-3.91993851 
-3.92212357 
-3.92439672 
-3.92678514 
-3.92925632 
-3.93181229 
-3.93448622 
-3.93724598 
-3.94010841 
-3.94309276 
-3.94617262 
-3.94937919 
-3.95266327 
-3.95605193 
-3.95956934 
-3.96320703 
-3.96694005 
-3.97076681 
-3.97472768 
-3.97883036 
-3.98308627 
-3.98746619 
-3.99198427 
-3.99668884 
-4.00152347 
-4.00646024 
-4.01154858 
-4.01674907 
-4.02205632 
-4.02749643 
-4.03300853 
-4.03862994 
-4.04435408 
-4.05017230 
-4.05606346 
-4.06201788 
-4.06805537 
-4.07411446 
-4.08026217 
-4.08642999 
-4.09259488 
-4.09881945 
-4.10507628 
-4.11132281 
-4.11758672 
-4.12382541 
-4.13005364 
-4.13628669 
-4.14250692 
-4.14869504 
-4.15485511 
-4.16097723 
-4.16703894 
-4.17306238 
-4.17899936 
-4.18486912 
-4.19064494 
-4.19635018 
-4.20195310 
-4.20746555 
-4.21287763 
-4.21819553 
-4.22336191 
-4.22840576 
-4.23332169 
-4.23808486 
-4.24271814 
-4.24719361 
-4.25149230 
-4.25565177 
-4.25959773 
-4.26336794 
-4.26691111 
-4.27022101 
-4.27322681 
-4.27599169 
-4.27848104 
-4.28066367 
-4.28257924 
-4.28420192 
-4.28557736 
-4.28666390 
-4.28748351 
-4.28802335 
-4.28825945 
-4.28822883 
-4.28792705 
-4.28736365 
-4.28652560 
-4.28539321 
-4.28397352 
-4.28227077 
-4.28031959 
-4.27807685 
-4.27557992 
-4.27279439 
-4.26970330 
-4.26634841 
-4.26273915 
-4.25882272 
-4.25468487 
-4.25028682 
-4.24559241 
-4.24066168 
-4.23555259 
-4.23032042 
-4.22494168 
-4.21943270 
-4.21382088 
-4.20812302 
-4.20229145 
-4.19637586 
-4.19042421 
-4.18439646 
-4.17830009 
-4.17214321 
-4.16597273 
-4.15976579 
-4.15352204 
-4.14727511 
-4.14099133 
-4.13472210 
-4.12845972 
-4.12220541 
-4.11601352 
-4.10983910 
-4.10369405 
-4.09757106 
-4.09152090 
-4.08554616 
-4.07964635 
-4.07380750 
-4.06807189 
-4.06243237 
-4.05690107 
-4.05149582 
-4.04621343 
-4.04107068 
-4.03606556 
-4.03119935 
-4.02651417 
-4.02199695 
-4.01763963 
-4.01348164 
-4.00951210 
-4.00573069 
-4.00216243 
-3.99881663 
-3.99572563 
-3.99285365 
-3.99024140 
-3.98788672 
-3.98581785 
-3.98402242 
-3.98252105 
-3.98132733 
-3.98045993 
-3.97992718 
-3.97964379 
-3.97963471 
-3.97988312 
-3.98032407 
-3.98090102 
-3.98163762 
-3.98250654 
-3.98347289 
-3.98451679 
-3.98558528 
-3.98676333 
-3.98794993 
-3.98920929 
-3.99047485 
-3.99178374 
-3.99310271 
-3.99439312 
-3.99569208 
-3.99694766 
-3.99820784 
-3.99937605 
-4.00051207 
-4.00161667 
-4.00263670 
-4.00356209 
-4.00439514 
-4.00515415 
-4.00579370 
-4.00633571 
-4.00679637 
-4.00718518 
-4.00750016 
-4.00772881 
-4.00791877 
-4.00803361 
-4.00809033 
-4.00810403 
-4.00807861 
-4.00804729 
-4.00794802 
-4.00787042 
-4.00774974 
-4.00762765 
-4.00746469 
-4.00727323 
-4.00706519 
-4.00685375 
-4.00665692 
-4.00646762 
-4.00623887 
-4.00599700 
-4.00579434 
-4.00562639 
-4.00542903 
-4.00522751 
-4.00504169 
-4.00484528 
-4.00468121 
-4.00448842 
-4.00430113 
-4.00414124 
-4.00397785 
-4.00381209 
-4.00364166 
-4.00348266 
-4.00334074 
-4.00320416 
-4.00307153 
-4.00294797 
-4.00280435 
-4.00269974 
-4.00259371 
-4.00249593 
-4.00238322 
-4.00223782 
-4.00216006 
-4.00207977 
-4.00196506 
-4.00187300 
-4.00177936 
-4.00171487 
-4.00162551 
-4.00158692 
-4.00152305 
-4.00147967 
-4.00142461 
-4.00140144 
-4.00133973 
-4.00128115 
-4.00120827 
-4.00117480 
-4.00111849 
-4.00107844 
-4.00103041 
-4.00098194 
-4.00092372 
-4.00093818 
-4.00080975 
-4.00058224 
-4.00024868 
-3.99980262 
-3.99921031 
-3.99854112 
-3.99772265 
-3.99680718 
-3.99576956 
-3.99455537 
-3.99326777 
-3.99184968 
-3.99029953 
-3.98859758 
-3.98676717 
-3.98478895 
-3.98268589 
-3.98040693 
-3.97801615 
-3.97546223 
-3.97277306 
-3.96987985 
-3.96680922 
-3.96356108 
-3.96013463 
-3.95650628 
-3.95267398 
-3.94867103 
-3.94441583 
-3.93994232 
-3.93534039 
-3.93057859 
-3.92570415 
-3.92067272 
-3.91545671 
-3.91009632 
-3.90454820 
-3.89885191 
-3.89298772 
-3.88691372 
-3.88064432 
-3.87423251 
-3.86755216 
-3.86068944 
-3.85362009 
-3.84634553 
-3.83887346 
-3.83119817 
-3.82327214 
-3.81513771 
-3.80678559 
-3.79819227 
-3.78936327 
-3.78029799 
-3.77100817 
-3.76147404 
-3.75168548 
-3.74165220 
-3.73137699 
-3.72088315 
-3.71015823 
-3.69917655 
-3.68789507 
-3.67637584 
-3.66462684 
-3.65262284 
-3.64031980 
-3.62780144 
-3.61502262 
-3.60196262 
-3.58867293 
-3.57507698 
-3.56122783 
-3.54714561 
-3.53279720 
-3.51818721 
-3.50333594 
-3.48821159 
-3.47286000 
-3.45724068 
-3.44136722 
-3.42521631 
-3.40884272 
-3.39240777 
-3.37591904 
-3.35938548 
-3.34278310 
-3.32614218 
-3.30947641 
-3.29276701 
-3.27601763 
-3.25927433 
-3.24247501 
-3.22569301 
-3.20886570 
-3.19204206 
-3.17520375 
-3.15840098 
-3.14157444 
-3.12478446 
-3.10797604 
-3.09120138 
-3.07447019 
-3.05775593 
-3.04105900 
-3.02443118 
-3.00781074 
-2.99125005 
-2.97474038 
-2.95827883 
-2.94189414 
-2.92557807 
-2.90930691 
-2.89314297 
-2.87703875 
-2.86100410 
-2.84505283 
-2.82912662 
-2.81329990 
-2.79752547 
-2.78182508 
-2.76613929 
-2.75054622 
-2.73496877 
-2.71944380 
-2.70397613 
-2.68852999 
-2.67309887 
-2.65769116 
-2.64234352 
-2.62701170 
-2.61167946 
-2.59635863 
-2.58104076 
-2.56573374 
-2.55043684 
-2.53514521 
-2.51980695 
-2.50447833 
-2.48915235 
-2.47378285 
-2.45837161 
-2.44294235 
-2.42748586 
-2.41200280 
-2.39646323 
-2.38087690 
-2.36524591 
-2.34958617 
-2.33385843 
-2.31810377 
-2.30229788 
-2.28644875 
-2.27052625 
-2.25454061 
-2.23849409 
-2.22239819 
-2.20622807 
-2.19001293 
-2.17372617 
-2.15740853 
-2.14103752 
-2.12461129 
-2.10813944 
-2.09162704 
-2.07508144 
-2.05847063 
-2.04180235 
-2.02512706 
-2.00840042 
-1.99167711 
-1.97493746 
-1.95820444 
-1.94147535 
-1.92476917 
-1.90811482 
-1.89144710 
-1.87483399 
-1.85823484 
-1.84166081 
-1.82509188 
-1.80856807 
-1.79205821 
-1.77553206 
-1.75907669 
-1.74260371 
-1.72615351 
-1.70970191 
-1.69325363 
-1.67681365 
-1.66038096 
-1.64391988 
-1.62751545 
-1.61111885 
-1.59470669 
-1.57827462 
-1.56182135 
-1.54535109 
-1.52891510 
-1.51250315 
-1.49605486 
-1.47957513 
-1.46310628 
-1.44662116 
-1.43012634 
-1.41363662 
-1.39713154 
-1.38061846 
-1.36409233 
-1.34757108 
-1.33106159 
-1.31453932 
-1.29800317 
-1.28147661 
-1.26496709 
-1.24843767 
-1.23193104 
-1.21542003 
-1.19889996 
-1.18242177 
-1.16589740 
-1.14941250 
-1.13294118 
-1.11646606 
-1.09998862 
-1.08351495 
-1.06702719 
-1.05054258 
-1.03407465 
-1.01757215 
-1.00109231 
-0.98461832 
-0.96813154 
-0.95164670 
-0.93514676 
-0.91867756 
-0.90222661 
-0.88581541 
-0.86944179 
-0.85314587 
-0.83696743 
-0.82087128 
-0.80489836 
-0.78904762 
-0.77336389 
-0.75779872 
-0.74236451 
-0.72708351 
-0.71198185 
-0.69703077 
-0.68229341 
-0.66771603 
-0.65334433 
-0.63913781 
-0.62515545 
-0.61136062 
-0.59774780 
-0.58434938 
-0.57111083 
-0.55809555 
-0.54528998 
-0.53272090 
-0.52036993 
-0.50819117 
-0.49623020 
-0.48445856 
-0.47292474 
-0.46161261 
-0.45046996 
-0.43956032 
-0.42883587 
-0.41831466 
-0.40798896 
-0.39786842 
-0.38794219 
-0.37823563 
-0.36874549 
-0.35944587 
-0.35031610 
-0.34141547 
-0.33267557 
-0.32412951 
-0.31579544 
-0.30763917 
-0.29965061 
-0.29184086 
-0.28421925 
-0.27678306 
-0.26951554 
-0.26243040 
-0.25551682 
-0.24876693 
-0.24215765 
-0.23573175 
-0.22945122 
-0.22330846 
-0.21733929 
-0.21147954 
-0.20575528 
-0.20019904 
-0.19478905 
-0.18952327 
-0.18439103 
-0.17939876 
-0.17449444 
-0.16975338 
-0.16511806 
-0.16061548 
-0.15623623 
-0.15197670 
-0.14779539 
-0.14373512 
-0.13975763 
-0.13589601 
-0.13215571 
-0.12852503 
-0.12500498 
-0.12152223 
-0.11815423 
-0.11486127 
-0.11167882 
-0.10858146 
-0.10554153 
-0.10260594 
-0.09975680 
-0.09694054 
