0.00054450 
0.00163350 
0.00326700 
0.00544500 
0.00816750 
0.01143450 
0.01524600 
0.01960200 
0.02450250 
0.02994750 
0.03593700 
0.04247100 
0.04954950 
0.05717250 
0.06534000 
0.07405200 
0.08330850 
0.09310950 
0.10345500 
0.11434500 
0.12577949 
0.13775849 
0.15028200 
0.16335000 
0.17696249 
0.19111951 
0.20582101 
0.22106700 
0.23685750 
0.25319248 
0.26969251 
0.28619251 
0.30269250 
0.31919250 
0.33569250 
0.35219249 
0.36869249 
0.38519251 
0.40169251 
0.41819251 
0.43469250 
0.45119250 
0.46769249 
0.48419249 
0.50069249 
0.51719248 
0.53369248 
0.55019248 
0.56669247 
0.58319253 
0.59969252 
0.61619252 
0.63269252 
0.64919251 
0.66569251 
0.68219250 
0.69869250 
0.71519250 
0.73169249 
0.74819249 
0.76469249 
0.78119248 
0.79769248 
0.81419247 
0.83069253 
0.84719253 
0.86369252 
0.88019252 
0.89669251 
0.91319251 
0.92969251 
0.94619250 
0.96269250 
0.97919250 
0.99569249 
1.01219249 
1.02869248 
1.04519248 
1.06169248 
1.07819247 
1.09469247 
1.11119246 
1.12769246 
1.14419246 
1.16069245 
1.17719245 
1.19369245 
1.21019244 
1.22669256 
1.24319255 
1.25969255 
1.27619255 
1.29269254 
1.30919254 
1.32569253 
1.34219253 
1.35869253 
1.37519252 
1.39169252 
1.40819252 
1.42469251 
1.44119251 
1.45769250 
1.47419250 
1.49069250 
1.50719249 
1.52369249 
1.54019248 
1.55669248 
1.57319248 
1.58969247 
1.60619247 
1.62269247 
1.63919246 
1.65569246 
1.67219245 
1.68869245 
1.70519245 
1.72169244 
1.73819256 
1.75469255 
1.77119255 
1.78769255 
1.80419254 
1.82069254 
1.83719254 
1.85369253 
1.87019253 
1.88669252 
1.90319252 
1.91969252 
1.93619251 
1.95269251 
1.96919250 
1.98569250 
2.00219250 
2.01869249 
2.03519249 
2.05169249 
2.06819248 
2.08469248 
2.10119247 
2.11769247 
2.13419247 
2.15069246 
2.16719246 
2.18369246 
2.20019245 
2.21669245 
2.23319244 
2.24969244 
2.26619244 
2.28269243 
2.29919243 
2.31569242 
2.33219242 
2.34869242 
2.36519241 
2.38169241 
2.39819241 
2.41469240 
2.43119240 
2.44769239 
2.46419239 
2.48069239 
2.49719238 
2.51369262 
2.53019261 
2.54669261 
2.56319261 
2.57969260 
2.59619260 
2.61269259 
2.62919259 
2.64569259 
2.66219258 
2.67869258 
2.69519258 
2.71169257 
2.72819257 
2.74469256 
2.76119256 
2.77769256 
2.79419255 
2.81069255 
2.82719254 
2.84369254 
2.86019254 
2.87669253 
2.89319253 
2.90969253 
2.92619252 
2.94269252 
2.95919251 
2.97569251 
2.99219251 
3.00869250 
3.02519250 
3.04169250 
3.05819249 
3.07469249 
3.09119248 
3.10769248 
3.12419248 
3.14069247 
3.15719247 
3.17369246 
3.19019246 
3.20669246 
3.22319245 
3.23969245 
3.25619245 
3.27269244 
3.28919244 
3.30569243 
3.32219243 
3.33869243 
3.35519242 
3.37169242 
3.38819242 
3.40469241 
3.42119241 
3.43769240 
3.45419240 
3.47069240 
3.48719239 
3.50369239 
3.52019238 
3.53669262 
3.55319262 
3.56969261 
3.58619261 
3.60269260 
3.61919260 
3.63569260 
3.65219259 
3.66869259 
3.68519258 
3.70169258 
3.71819258 
3.73469257 
3.75119257 
3.76769257 
3.78419256 
3.80069256 
3.81719255 
3.83369255 
3.85019255 
3.86669254 
3.88319254 
3.89969254 
3.91619253 
3.93269253 
3.94919252 
3.96569252 
3.98219252 
3.99869251 
4.01519251 
4.03169250 
4.04819250 
4.06469250 
4.08119249 
4.09769249 
4.11419249 
4.13069248 
4.14719248 
4.16369247 
4.18019247 
4.19669247 
4.21319246 
4.22969246 
4.24619246 
4.26269245 
4.27919245 
4.29569244 
4.31219244 
4.32869244 
4.34519243 
4.36169243 
4.37819242 
4.39469242 
4.41119242 
4.42769241 
4.44419241 
4.46069241 
4.47719240 
4.49369240 
4.51019239 
4.52669239 
4.54319239 
4.55969238 
4.57619238 
4.59269238 
4.60919237 
4.62569237 
4.64219236 
4.65869236 
4.67519236 
4.69169235 
4.70819235 
4.72469234 
4.74119234 
4.75769234 
4.77419233 
4.79069233 
4.80719233 
4.82369232 
4.84019232 
4.85669231 
4.87319231 
4.88969231 
4.90619230 
4.92269230 
4.93919230 
4.95569229 
4.97219229 
4.98869228 
5.00519228 
5.02169228 
5.03819227 
5.05469227 
5.07119226 
5.08767891 
5.10413170 
5.12053204 
5.13686371 
5.15311241 
5.16926384 
5.18530607 
5.20122910 
5.21702194 
5.23267651 
5.24818420 
5.26353741 
5.27873039 
5.29375601 
5.30860901 
5.32328463 
5.33777809 
5.35208607 
5.36620378 
5.38012886 
5.39385796 
5.40738869 
5.42071867 
5.43384552 
5.44676828 
5.45948553 
5.47199583 
5.48429823 
5.49639225 
5.50827742 
5.51995373 
5.53142118 
5.54267931 
5.55372953 
5.56457186 
5.57520723 
5.58563662 
5.59586096 
5.60588169 
5.61570024 
5.62531757 
5.63473606 
5.64395714 
5.65298271 
5.66181517 
5.67045593 
5.67890787 
5.68717241 
5.69525290 
5.70315123 
5.71087027 
5.71841240 
5.72577953 
5.73297548 
5.74000216 
5.74686289 
5.75356007 
5.76009655 
5.76647472 
5.77269840 
5.77876949 
5.78469133 
5.79046631 
5.79609823 
5.80158854 
5.80694151 
5.81215906 
5.81724405 
5.82219982 
5.82702827 
5.83173275 
5.83631611 
5.84078026 
5.84512854 
5.84936380 
5.85348797 
5.85750341 
5.86141348 
5.86522055 
5.86892653 
5.87253380 
5.87604523 
5.87946320 
5.88278913 
5.88602638 
5.88917637 
5.89224195 
5.89522457 
5.89812660 
5.90094995 
5.90122986 
5.90175486 
5.90249586 
5.90342760 
5.90452814 
5.90578079 
5.90717030 
5.90868473 
5.91031456 
5.91205215 
5.91389132 
5.91582870 
5.91786098 
5.91998625 
5.92220354 
5.92451334 
5.92691565 
5.92941189 
5.93200350 
5.93469238 
5.93747997 
5.94036913 
5.94336176 
5.94645929 
5.94966412 
5.95297813 
5.95640182 
5.95993710 
5.96358442 
5.96734381 
5.97121477 
5.97521782 
5.97936344 
5.98365259 
5.98808527 
5.99266005 
5.99737501 
6.00222635 
6.00721073 
6.01232338 
6.01755953 
6.02291346 
6.02837896 
6.03395081 
6.03962183 
6.04538536 
6.05123472 
6.05716276 
6.06316233 
6.06922674 
6.07534790 
6.08151913 
6.08773327 
6.09398317 
6.10026073 
6.10655975 
6.11287212 
6.11919165 
6.12551022 
6.13182163 
6.13811827 
6.14439297 
6.15063953 
6.15685034 
6.16301918 
6.16913795 
6.17520094 
6.18120050 
6.18712997 
6.19298220 
6.19875097 
6.20442915 
6.21000957 
6.21548510 
6.22084904 
6.22609472 
6.23121500 
6.23620224 
6.24104977 
6.24575043 
6.25029707 
6.25468254 
6.25889969 
6.26294088 
6.26676416 
6.27031660 
6.27359676 
6.27660465 
6.27933884 
6.28179836 
6.28398323 
6.28589249 
6.28752565 
6.28888226 
6.28996181 
6.29076433 
6.29128933 
6.29153681 
6.29150677 
6.29119873 
6.29061365 
6.28975105 
6.28861094 
6.28719425 
6.28550100 
6.28353214 
6.28128767 
6.27876806 
6.27597475 
6.27290773 
6.26956797 
6.26595688 
6.26207495 
6.25792360 
6.25350380 
6.24881649 
6.24388742 
6.23877764 
6.23352861 
6.22815037 
6.22265196 
6.21704245 
6.21133137 
6.20552683 
6.19963837 
6.19367504 
6.18764496 
6.18155670 
6.17541933 
6.16924095 
6.16303015 
6.15679455 
6.15054369 
6.14428473 
6.13802624 
6.13177633 
6.12554359 
6.11933565 
6.11316061 
6.10702705 
6.10094309 
6.09491682 
6.08895636 
6.08307028 
6.07726622 
6.07155323 
6.06593943 
6.06043339 
6.05504322 
6.04977798 
6.04464579 
6.03965616 
6.03481722 
6.03013802 
6.02562761 
6.02129507 
6.01714945 
6.01320028 
6.00945663 
6.00592756 
6.00262260 
5.99955177 
5.99672413 
5.99414968 
5.99183798 
5.98979855 
5.98804092 
5.98657560 
5.98541212 
5.98456001 
5.98402882 
5.98382902 
5.98396969 
5.98441362 
5.98511600 
5.98603296 
5.98712444 
5.98835087 
5.98968458 
5.99111605 
5.99263573 
5.99423456 
5.99590302 
5.99763155 
5.99941158 
6.00123310 
6.00308800 
6.00496626 
6.00685930 
6.00875807 
6.01065350 
6.01253700 
6.01439857 
6.01623058 
6.01802301 
6.01976728 
6.02145529 
6.02307653 
6.02462339 
6.02608681 
6.02745724 
6.02872610 
6.02988434 
6.03092289 
6.03183317 
6.03260612 
6.03323221 
6.03370285 
6.03400898 
6.03414154 
6.03409147 
6.03387117 
6.03350019 
6.03299761 
6.03238249 
6.03167152 
6.03088236 
6.03002977 
6.02912807 
6.02819014 
6.02722883 
6.02625370 
6.02527523 
6.02430058 
6.02333784 
6.02239227 
6.02146959 
6.02057409 
6.01970816 
6.01887465 
6.01807594 
6.01731253 
6.01658487 
6.01589346 
6.01523829 
6.01461792 
6.01403141 
6.01347876 
6.01295853 
6.01247025 
6.01201248 
6.01158333 
6.01118231 
6.01080751 
6.01045704 
6.01012897 
6.00982237 
6.00953531 
6.00926590 
6.00901270 
6.00877428 
6.00854969 
6.00833654 
6.00813484 
6.00794268 
6.00775862 
6.00758266 
6.00741339 
6.00725031 
6.00709248 
6.00693941 
6.00679016 
6.00664520 
6.00650311 
6.00636387 
6.00622749 
6.00609350 
6.00596189 
6.00583220 
6.00570440 
6.00557804 
6.00545406 
6.00533152 
6.00521088 
6.00509167 
6.00497389 
6.00485802 
6.00474405 
6.00463152 
6.00452089 
6.00441170 
6.00430441 
6.00419855 
6.00409508 
6.00399303 
6.00389290 
6.00379467 
6.00369835 
6.00360346 
6.00351095 
6.00342035 
6.00333118 
6.00324440 
6.00315905 
6.00307608 
6.00299454 
6.00291491 
6.00283718 
6.00276136 
6.00268745 
6.00261497 
6.00254440 
6.00247526 
6.00240803 
6.00234270 
6.00227880 
6.00221682 
6.00215578 
6.00209665 
6.00203943 
6.00198317 
6.00192833 
6.00187540 
6.00182343 
6.00177288 
6.00172377 
6.00167608 
6.00162983 
6.00158453 
6.00154066 
6.00149775 
6.00145578 
6.00141525 
6.00137615 
6.00133753 
6.00130033 
6.00126410 
6.00125980 
6.00114250 
6.00091219 
6.00056839 
6.00010967 
5.99953508 
5.99884272 
5.99803209 
5.99710083 
5.99604750 
5.99486923 
5.99356508 
5.99213171 
5.99056673 
5.98886776 
5.98703146 
5.98505497 
5.98293447 
5.98066616 
5.97824574 
5.97566891 
5.97293043 
5.97002554 
5.96694899 
5.96369362 
5.96025419 
5.95662260 
5.95279264 
5.94875669 
5.94450569 
5.94003153 
5.93540049 
5.93063641 
5.92573261 
5.92068148 
5.91547728 
5.91011333 
5.90458345 
5.89888144 
5.89300203 
5.88694000 
5.88069010 
5.87424755 
5.86760807 
5.86076689 
5.85372066 
5.84646559 
5.83899736 
5.83131361 
5.82341051 
5.81528521 
5.80693531 
5.79835796 
5.78955030 
5.78051090 
5.77123690 
5.76172686 
5.75197792 
5.74198961 
5.73175907 
5.72128534 
5.71056700 
5.69960260 
5.68839073 
5.67693043 
5.66522074 
5.65326071 
5.64104891 
5.62858534 
5.61586952 
5.60290051 
5.58967829 
5.57620287 
5.56247330 
5.54849100 
5.53425503 
5.51976681 
5.50502634 
5.49003506 
5.47479343 
5.45930290 
5.44356537 
5.42758179 
5.41135502 
5.39491892 
5.37842560 
5.36187983 
5.34528542 
5.32864761 
5.31197023 
5.29525852 
5.27851677 
5.26174927 
5.24496078 
5.22815561 
5.21133900 
5.19451475 
5.17768812 
5.16086340 
5.14404488 
5.12723732 
5.11044598 
5.09367418 
5.07692766 
5.06021023 
5.04352665 
5.02688122 
5.01027918 
4.99372435 
4.97722197 
4.96077538 
4.94439030 
4.92807007 
4.91182041 
4.89564419 
4.87954664 
4.86352253 
4.84756613 
4.83167505 
4.81584597 
4.80007648 
4.78436375 
4.76870394 
4.75309420 
4.73753119 
4.72201061 
4.70652914 
4.69108295 
4.67566824 
4.66028070 
4.64491653 
4.62957191 
4.61424160 
4.59892273 
4.58361101 
4.56830168 
4.55299091 
4.53767490 
4.52234936 
4.50701046 
4.49165440 
4.47627783 
4.46087646 
4.44544649 
4.42998552 
4.41448975 
4.39895582 
4.38338089 
4.36776304 
4.35209846 
4.33638573 
4.32062197 
4.30480623 
4.28893614 
4.27301073 
4.25702906 
4.24099016 
4.22489405 
4.20873976 
4.19252825 
4.17625999 
4.15993595 
4.14355755 
4.12712717 
4.11064577 
4.09411764 
4.07754469 
4.06093168 
4.04428196 
4.02760029 
4.01089478 
3.99417734 
3.97745824 
3.96074533 
3.94404483 
3.92737341 
3.91075015 
3.89419198 
3.87771249 
3.86132455 
3.84503961 
3.82886839 
3.81282067 
3.79690528 
3.78113008 
3.76550293 
3.75003028 
3.73471832 
3.71957231 
3.70459723 
3.68979764 
3.67517757 
3.66074014 
3.64648867 
3.63242579 
3.61855435 
3.60487604 
3.59139323 
3.57810783 
3.56502223 
3.55213785 
3.53945684 
3.52697992 
3.51470900 
3.50264454 
3.49078703 
3.47913742 
3.46769547 
3.45646119 
3.44543457 
3.43461490 
3.42400146 
3.41359353 
3.40339017 
3.39338970 
3.38359141 
3.37399316 
3.36459374 
3.35539126 
3.34638381 
3.33756948 
3.32894588 
3.32051110 
3.31226254 
3.30419827 
3.29631543 
3.28861189 
3.28108478 
3.27373171 
3.26654983 
3.25953674 
3.25268936 
3.24600530 
3.23948121 
3.23311496 
3.22690320 
3.22084355 
3.21493268 
3.20916820 
3.20354700 
3.19806623 
3.19272327 
3.18751526 
3.18243933 
3.17749286 
3.17267275 
3.16797662 
3.16340160 
3.15894508 
3.15460443 
3.15037704 
3.14626026 
3.14225149 
3.13834810 
3.13454795 
3.13084865 
3.12724733 
3.12374187 
3.12033010 
3.11700964 
3.11377811 
3.11063337 
3.10757327 
3.10459590 
3.10169888 
3.09888029 
3.09856415 
3.09797263 
3.09713936 
3.09609365 
3.09485960 
3.09345794 
3.09190607 
3.09021831 
3.08840656 
3.08647990 
3.08444619 
3.08231068 
3.08007789 
3.07775068 
3.07533097 
3.07281971 
3.07021713 
3.06752300 
3.06473613 
3.06185555 
3.05887961 
3.05580688 
3.05263543 
3.04936385 
3.04599047 
3.04251409 
3.03893328 
3.03524733 
3.03145599 
3.02755928 
3.02355742 
3.01942945 
3.01516485 
3.01076198 
3.00622153 
3.00154471 
2.99673390 
2.99179220 
2.98672318 
2.98153162 
2.97622252 
2.97080112 
2.96527338 
2.95964551 
2.95392370 
2.94811487 
2.94222569 
2.93626308 
2.93023396 
2.92414546 
2.91800499 
2.91181946 
2.90559602 
2.89934206 
2.89306450 
2.88677096 
2.88046813 
2.87416315 
2.86786342 
2.86157584 
2.85530710 
2.84906459 
2.84285522 
2.83668590 
2.83056331 
2.82449484 
2.81848693 
2.81254673 
2.80668092 
2.80089664 
2.79520082 
2.78960037 
2.78410196 
2.77871299 
2.77344036 
2.76829076 
2.76327181 
2.75839019 
2.75365305 
2.74906802 
2.74464178 
2.74038196 
2.73629594 
2.73241448 
2.72880363 
2.72546458 
2.72239804 
2.71960497 
2.71708608 
2.71484184 
2.71287322 
2.71118069 
2.70976448 
2.70862508 
2.70776272 
2.70717788 
2.70687056 
2.70684099 
2.70708895 
2.70761442 
2.70841742 
2.70949745 
2.71085453 
2.71248817 
2.71439791 
2.71658301 
2.71904325 
2.72177792 
2.72478604 
2.72806692 
2.73161960 
2.73544312 
2.73953676 
2.74389887 
2.74852848 
2.75341654 
2.75850034 
2.76372552 
2.76908278 
2.77456236 
2.78015518 
2.78585219 
2.79164433 
2.79752278 
2.80347872 
2.80950308 
2.81558776 
2.82172418 
2.82790351 
2.83411741 
2.84035778 
2.84661627 
2.85288453 
2.85915446 
2.86541748 
2.87166595 
2.87789154 
2.88408613 
2.89024138 
2.89634919 
2.90240145 
2.90839005 
2.91430640 
2.92014265 
2.92589021 
2.93154073 
2.93708587 
2.94251704 
2.94782567 
2.95300293 
2.95804071 
2.96292973 
2.96766114 
2.97222614 
2.97661567 
2.98082066 
2.98483181 
2.98863983 
2.99223542 
2.99560928 
2.99875188 
3.00165343 
3.00430465 
3.00669551 
3.00881648 
3.01065803 
3.01220989 
3.01346278 
3.01440644 
3.01503158 
3.01532817 
3.01528668 
3.01491332 
3.01425576 
3.01336026 
3.01227021 
3.01102781 
3.00967145 
3.00821137 
3.00665689 
3.00501752 
3.00330257 
3.00152111 
2.99968290 
2.99779654 
2.99587154 
2.99391699 
2.99194169 
2.98995495 
2.98796582 
2.98598289 
2.98401570 
2.98207259 
2.98016286 
2.97829533 
2.97647905 
2.97472262 
2.97303510 
2.97142553 
2.96990275 
2.96847558 
2.96715307 
2.96594429 
2.96485806 
2.96390319 
2.96308923 
2.96242452 
2.96191859 
2.96158004 
2.96141839 
2.96144247 
2.96166134 
2.96206737 
2.96263671 
2.96334577 
2.96417212 
2.96509385 
2.96609116 
2.96714473 
2.96823716 
2.96935248 
2.97047639 
2.97159624 
2.97270060 
2.97378016 
2.97482681 
2.97583389 
2.97679591 
2.97770905 
2.97856998 
2.97937751 
2.98012996 
2.98082781 
2.98147154 
2.98206234 
2.98260236 
2.98309350 
2.98353863 
2.98394084 
2.98430276 
2.98462796 
2.98491979 
2.98518133 
2.98541641 
2.98562765 
2.98581839 
2.98599148 
2.98615003 
2.98629642 
2.98643303 
2.98656201 
2.98668575 
2.98680544 
2.98692322 
2.98703980 
2.98715711 
2.98727536 
2.98739576 
2.98751879 
2.98764491 
2.98777461 
2.98790789 
2.98804474 
2.98818517 
2.98832917 
2.98847675 
2.98862720 
2.98878050 
2.98893619 
2.98909402 
2.98925352 
2.98941445 
2.98957634 
2.98973870 
2.98990107 
2.99006319 
2.99022484 
2.99038577 
2.99054527 
2.99070334 
2.99085951 
2.99101400 
2.99116611 
2.99131584 
2.99146318 
2.99160814 
2.99175024 
2.99188972 
2.99202633 
2.99216008 
2.99229097 
2.99241924 
2.99254465 
2.99266744 
2.99278736 
2.99290490 
2.99301982 
2.99313211 
2.99324203 
2.99334979 
2.99345517 
2.99355841 
2.99365950 
2.99375868 
2.99385595 
2.99395156 
2.99404526 
2.99413729 
2.99422765 
2.99431658 
2.99440408 
2.99448991 
2.99457455 
2.99465775 
2.99473977 
2.99482059 
2.99490023 
2.99497843 
2.99505568 
2.99513173 
2.99520683 
2.99528074 
2.99535370 
2.99542570 
2.99549651 
2.99556637 
2.99563527 
2.99570322 
2.99576998 
2.99583602 
2.99590087 
2.99596500 
2.99602818 
2.99609041 
2.99615169 
2.99621201 
2.99627137 
2.99633002 
2.99638772 
2.99644446 
2.99650049 
2.99655557 
2.99660969 
2.99666309 
2.99671578 
2.99676728 
2.99681830 
2.99686837 
2.99691772 
2.99696636 
2.99701405 
2.99706101 
2.99710727 
2.99715304 
2.99719787 
2.99724197 
2.99728537 
2.99732804 
2.99737000 
2.99741149 
2.99745226 
2.99749231 
2.99753189 
2.99757075 
2.99760890 
2.99764657 
2.99768376 
2.99772024 
2.99775624 
2.99779153 
2.99782634 
2.99786067 
2.99789429 
2.99792767 
2.99796033 
2.99799252 
2.99802423 
2.99805546 
2.99808621 
2.99811649 
2.99814630 
2.99817562 
2.99820471 
2.99823308 
2.99826121 
2.99828863 
2.99831581 
2.99834275 
2.99836898 
2.99839497 
2.99842072 
2.99844575 
2.99847054 
2.99849510 
2.99851894 
2.99854279 
2.99856615 
2.99858904 
2.99861169 
2.99863386 
2.99865580 
2.99867749 
2.99869871 
2.99871969 
2.99874043 
2.99876070 
2.99878073 
2.99880052 
2.99881983 
2.99883890 
2.99885798 
2.99887633 
2.99889469 
2.99891281 
2.99893045 
2.99894786 
2.99896526 
2.99898219 
2.99899888 
2.99901533 
2.99903154 
2.99904752 
2.99906325 
2.99907875 
2.99909425 
2.99910927 
2.99912405 
2.99913883 
2.99915314 
2.99916744 
2.99918151 
2.99919510 
2.99920893 
2.99922228 
2.99923539 
2.99924850 
2.99926138 
2.99927402 
2.99928665 
2.99929881 
2.99931097 
2.99932313 
2.99933481 
2.99934649 
2.99935794 
2.99936938 
2.99938059 
2.99939156 
2.99940228 
2.99941301 
2.99942374 
2.99943423 
2.99944448 
2.99945474 
2.99946475 
2.99947453 
2.99948430 
2.99949408 
2.99950361 
2.99951291 
2.99952221 
2.99953151 
2.99954057 
2.99954939 
2.99955821 
2.99956703 
2.99957561 
2.99958420 
2.99959254 
2.99960089 
2.99960923 
2.99961734 
2.99962544 
2.99963331 
2.99964118 
2.99964905 
2.99965668 
2.99966431 
2.99967170 
2.99967933 
2.99968648 
2.99969387 
2.99970102 
2.99970794 
2.99971485 
2.99972153 
2.99972820 
2.99973464 
2.99974108 
2.99974751 
2.99975348 
2.99975967 
2.99976540 
2.99977112 
2.99977684 
2.99978232 
2.99978781 
2.99979305 
2.99979830 
2.99980330 
2.99980831 
2.99981308 
2.99981785 
2.99982238 
2.99982691 
2.99983120 
2.99983549 
2.99983978 
2.99984384 
2.99984789 
2.99985170 
2.99985552 
2.99985933 
2.99986291 
2.99986649 
2.99987006 
2.99987340 
2.99987674 
2.99987984 
2.99988317 
2.99988604 
2.99988914 
2.99989200 
2.99989486 
2.99989772 
2.99990034 
2.99990296 
2.99990559 
2.99990821 
2.99991059 
2.99991298 
2.99991536 
2.99991775 
2.99991989 
2.99992204 
2.99992418 
2.99992609 
2.99992824 
2.99993014 
2.99993205 
2.99993396 
2.99993563 
2.99993753 
2.99993920 
2.99994087 
2.99994254 
2.99994397 
2.99994564 
2.99994707 
2.99994850 
2.99994993 
2.99995136 
2.99995255 
2.99995399 
2.99995518 
2.99995661 
2.99995780 
2.99995899 
2.99995995 
2.99996114 
2.99996209 
2.99996328 
2.99996424 
2.99996519 
2.99996614 
2.99996710 
2.99996805 
2.99996901 
2.99996996 
2.99996996 
2.99986100 
2.99964213 
2.99931288 
2.99887156 
2.99831724 
2.99764872 
2.99686384 
2.99596143 
2.99493933 
2.99379587 
2.99252892 
2.99113584 
2.98961473 
2.98796248 
2.98617649 
2.98425341 
2.98218989 
2.97998190 
2.97762561 
2.97511673 
2.97245026 
2.96962094 
2.96662331 
2.96345139 
2.96009851 
2.95655847 
2.95282340 
2.94888568 
2.94473767 
2.94037008 
2.93584943 
2.93120003 
2.92641449 
2.92148614 
2.91640806 
2.91117358 
2.90577674 
2.90021110 
2.89447117 
2.88855171 
2.88244724 
2.87615299 
2.86966443 
2.86297703 
2.85608673 
2.84898973 
2.84168220 
2.83416104 
2.82642269 
2.81846428 
2.81028271 
2.80187583 
2.79324055 
2.78437495 
2.77527666 
2.76594353 
2.75637341 
2.74656487 
2.73651600 
2.72622514 
2.71569085 
2.70491171 
2.69388652 
2.68261385 
2.67109251 
2.65932202 
2.64730120 
2.63502908 
2.62250519 
2.60972929 
2.59670043 
2.58341861 
2.56988358 
2.55609536 
2.54205441 
2.52776051 
2.51321459 
2.49841714 
2.48336911 
2.46807170 
2.45252609 
2.43673372 
2.42069674 
2.40441680 
2.38797045 
2.37146759 
2.35491276 
2.33831048 
2.32166529 
2.30498171 
2.28826427 
2.27151752 
2.25474596 
2.23795414 
2.22114682 
2.20432854 
2.18750358 
2.17067695 
2.15385294 
2.13703609 
2.12023115 
2.10344267 
2.08667517 
2.06993318 
2.05322146 
2.03654432 
2.01990652 
2.00331235 
1.98676634 
1.97027314 
1.95383728 
1.93746316 
1.92115521 
1.90491784 
1.88875556 
1.87267029 
1.85665762 
1.84071171 
1.82483017 
1.80901027 
1.79324913 
1.77754378 
1.76189089 
1.74628699 
1.73072875 
1.71521246 
1.69973433 
1.68429053 
1.66887701 
1.65349007 
1.63812542 
1.62277901 
1.60744679 
1.59212470 
1.57680845 
1.56149411 
1.54617751 
1.53085458 
1.51552153 
1.50017416 
1.48480892 
1.46942198 
1.45400977 
1.43856859 
1.42309535 
1.40758657 
1.39203942 
1.37645078 
1.36081803 
1.34513879 
1.32941079 
1.31363177 
1.29780006 
1.28191423 
1.26597285 
1.24997497 
1.23391998 
1.21780753 
1.20163763 
1.18541074 
1.16912735 
1.15278876 
1.13639641 
1.11995232 
1.10345876 
1.08691871 
1.07033539 
1.05371261 
1.03705454 
1.02036631 
1.00365722 
0.98693931 
0.97022200 
0.95351261 
0.93682033 
0.92016584 
0.90356714 
0.88704008 
0.87059778 
0.85425234 
0.83801484 
0.82189548 
0.80590355 
0.79004771 
0.77433556 
0.75877434 
0.74337041 
0.72812951 
0.71305692 
0.69815731 
0.68343490 
0.66889340 
0.65453619 
0.64036626 
0.62638617 
0.61259830 
0.59900475 
0.58560747 
0.57240868 
0.55941033 
0.54661411 
0.53402162 
0.52163416 
0.50945270 
0.49747804 
0.48571077 
0.47415119 
0.46279940 
0.45165524 
0.44071835 
0.42998815 
0.41946393 
0.40914473 
0.39902943 
0.38911676 
0.37940529 
0.36989346 
0.36057955 
0.35146177 
0.34253815 
0.33380663 
0.32526508 
0.31691128 
0.30874288 
0.30075750 
0.29295269 
0.28532588 
0.27787453 
0.27059600 
0.26348758 
0.25654662 
0.24977033 
0.24315596 
0.23670068 
0.23040172 
0.22425625 
0.21826141 
0.21241438 
0.20671234 
0.20115241 
0.19573182 
0.19044772 
0.18529731 
0.18027781 
0.17538647 
0.17062052 
0.16597725 
0.16145398 
0.15704802 
0.15275675 
0.14857757 
0.14450791 
0.14054522 
0.13668703 
0.13293085 
0.12927425 
0.12571488 
0.12225037 
0.11887842 
0.11559677 
0.11240319 
0.10929549 
0.10627155 
0.10332925 
0.10046654 
0.09768140 
0.09737016 
0.09678771 
0.09596730 
0.09493730 
0.09372180 
0.09234109 
0.09081212 
0.08914892 
0.08736290 
0.08546326 
0.08345722 
0.08135032 
0.07914659 
0.07684886 
0.07445887 
0.07197747 
0.06940477 
0.06674032 
0.06398315 
0.06113199 
0.05818530 
0.05514140 
0.05199857 
0.04875510 
0.04540942 
0.04196012 
0.03840604 
0.03474638 
0.03098067 
0.02710891 
0.02313160 
0.01902785 
0.01478660 
0.01040687 
0.00588892 
0.00123409 
-0.00355532 
-0.00847617 
-0.01352461 
-0.01869618 
-0.02398585 
-0.02938819 
-0.03489733 
-0.04050714 
-0.04621118 
-0.05200281 
-0.05787524 
-0.06382152 
-0.06983460 
-0.07590740 
-0.08203273 
-0.08820340 
-0.09441222 
-0.10065198 
-0.10691549 
-0.11319558 
-0.11948509 
-0.12577690 
-0.13206394 
-0.13833915 
-0.14459547 
-0.15082593 
-0.15702356 
-0.16318139 
-0.16929249 
-0.17534997 
-0.18134688 
-0.18727633 
-0.19313142 
-0.19890523 
-0.20459084 
-0.21018131 
-0.21566968 
-0.22104897 
-0.22631216 
-0.23145221 
-0.23646206 
-0.24133459 
-0.24606267 
-0.25063908 
-0.25505668 
-0.25930813 
-0.26338622 
-0.26727635 
-0.27089581 
-0.27424365 
-0.27731898 
-0.28012094 
-0.28264874 
-0.28490174 
-0.28687930 
-0.28858086 
-0.29000601 
-0.29115433 
-0.29202551 
-0.29261932 
-0.29293558 
-0.29297420 
-0.29273522 
-0.29221866 
-0.29142469 
-0.29035348 
-0.28900537 
-0.28738070 
-0.28547990 
-0.28330353 
-0.28085217 
-0.27812645 
-0.27512714 
-0.27185509 
-0.26831111 
-0.26449624 
-0.26041147 
-0.25605795 
-0.25143683 
-0.24655445 
-0.24147330 
-0.23625034 
-0.23089506 
-0.22541681 
-0.21982485 
-0.21412832 
-0.20833622 
-0.20245746 
-0.19650085 
-0.19047511 
-0.18438885 
-0.17825064 
-0.17206892 
-0.16585213 
-0.15960859 
-0.15334660 
-0.14707442 
-0.14080024 
-0.13453226 
-0.12827866 
-0.12204757 
-0.11584716 
-0.10968557 
-0.10357098 
-0.09751154 
-0.09151550 
-0.08559108 
-0.07974655 
-0.07399025 
-0.06833054 
-0.06277587 
-0.05733472 
-0.05201565 
-0.04682731 
-0.04177837 
-0.03687764 
-0.03213397 
-0.02755631 
-0.02315367 
-0.01893516 
-0.01490998 
-0.01108738 
-0.00747672 
-0.00408743 
-0.00092898 
0.00198905 
0.00465706 
0.00706536 
0.00920426 
0.01106399 
0.01263479 
0.01390688 
0.01487048 
0.01551582 
0.01583319 
0.01581290 
0.01547320 
0.01485966 
0.01401627 
0.01298495 
0.01180515 
0.01051357 
0.00912101 
0.00763691 
0.00607068 
0.00443164 
0.00272908 
0.00097224 
-0.00082970 
-0.00266759 
-0.00453233 
-0.00641486 
-0.00830613 
-0.01019714 
-0.01207892 
-0.01394249 
-0.01577891 
-0.01757925 
-0.01933459 
-0.02103600 
-0.02267456 
-0.02424136 
-0.02572747 
-0.02712396 
-0.02842189 
-0.02961232 
-0.03068626 
-0.03163475 
-0.03244880 
-0.03311940 
-0.03363753 
-0.03399416 
-0.03418026 
-0.03418678 
-0.03401696 
-0.03369057 
-0.03322694 
-0.03264473 
-0.03196181 
-0.03119508 
-0.03036035 
-0.02947231 
-0.02854445 
-0.02758902 
-0.02661707 
-0.02563840 
-0.02466165 
-0.02369431 
-0.02274279 
-0.02181247 
-0.02090775 
-0.02003219 
-0.01918850 
-0.01837869 
-0.01760407 
-0.01686541 
-0.01616293 
-0.01549643 
-0.01486532 
-0.01426870 
-0.01370556 
-0.01317524 
-0.01267685 
-0.01220926 
-0.01177117 
-0.01136114 
-0.01097762 
-0.01061902 
-0.01028368 
-0.00996994 
-0.00967615 
-0.00940068 
-0.00914197 
-0.00889851 
-0.00866886 
-0.00845167 
-0.00824568 
-0.00804971 
-0.00786268 
-0.00768360 
-0.00751157 
-0.00734579 
-0.00718554 
-0.00703017 
-0.00687912 
-0.00673191 
-0.00658811 
-0.00644736 
-0.00630935 
-0.00617383 
-0.00604058 
-0.00590943 
-0.00578026 
-0.00565294 
-0.00552741 
-0.00540361 
-0.00528151 
-0.00516107 
-0.00504229 
-0.00492517 
-0.00480973 
-0.00469597 
-0.00458392 
-0.00447360 
-0.00436503 
-0.00425824 
-0.00415324 
-0.00405006 
-0.00394872 
-0.00384924 
-0.00375163 
-0.00365589 
-0.00356205 
-0.00347010 
-0.00338005 
-0.00329190 
-0.00320563 
-0.00312125 
-0.00303875 
-0.00295811 
-0.00287931 
-0.00280235 
-0.00272719 
-0.00265383 
-0.00258223 
-0.00251238 
-0.00244425 
-0.00237780 
-0.00231302 
-0.00224987 
-0.00218833 
-0.00212836 
-0.00206994 
-0.00201303 
-0.00195760 
-0.00190363 
-0.00185107 
-0.00179990 
-0.00175010 
-0.00170161 
-0.00165443 
-0.00160851 
-0.00156382 
-0.00152035 
-0.00147804 
-0.00143689 
-0.00139685 
-0.00135791 
-0.00132003 
-0.00128318 
-0.00124735 
