0.00054561 
0.00163070 
0.00326705 
0.00534518 
0.00807295 
0.01131208 
0.01511815 
0.01945397 
0.02435087 
0.02977316 
0.03577649 
0.04235130 
0.04947967 
0.05707454 
0.06525249 
0.07395767 
0.08324502 
0.09304885 
0.10344090 
0.11433612 
0.12577365 
0.13776855 
0.15030621 
0.16337155 
0.17703266 
0.19111133 
0.20585410 
0.22108654 
0.23690748 
0.25326105 
0.26976269 
0.28627225 
0.30275819 
0.31924865 
0.33574744 
0.35222258 
0.36872124 
0.38522783 
0.40172006 
0.41819178 
0.43470613 
0.45120213 
0.46768199 
0.48420574 
0.50070512 
0.51720858 
0.53368755 
0.55017463 
0.56663799 
0.58315505 
0.59964463 
0.61612734 
0.63269043 
0.64915937 
0.66567858 
0.68216035 
0.69861979 
0.71512880 
0.73165089 
0.74812141 
0.76465399 
0.78110186 
0.79763462 
0.81414484 
0.83061096 
0.84711068 
0.86357607 
0.88006992 
0.89653138 
0.91302080 
0.92950226 
0.94599404 
0.96248320 
0.97898004 
0.99543852 
1.01196514 
1.02845988 
1.04490921 
1.06143277 
1.07792105 
1.09445825 
1.11095427 
1.12745479 
1.14397414 
1.16051761 
1.17699712 
1.19347835 
1.20994711 
1.22647493 
1.24288184 
1.25934742 
1.27587214 
1.29240550 
1.30889513 
1.32542529 
1.34186136 
1.35841435 
1.37490960 
1.39139113 
1.40782740 
1.42431883 
1.44076655 
1.45722895 
1.47368778 
1.49017226 
1.50669669 
1.52323356 
1.53978225 
1.55635952 
1.57281878 
1.58933823 
1.60586334 
1.62235861 
1.63883629 
1.65535049 
1.67180292 
1.68831270 
1.70480556 
1.72132428 
1.73780068 
1.75427572 
1.77083458 
1.78736117 
1.80385647 
1.82035184 
1.83683118 
1.85332014 
1.86976647 
1.88625478 
1.90278519 
1.91932408 
1.93582644 
1.95229016 
1.96878199 
1.98534057 
2.00186370 
2.01836327 
2.03490691 
2.05143426 
2.06785868 
2.08436269 
2.10081100 
2.11729926 
2.13382531 
2.15028100 
2.16677161 
2.18326382 
2.19976021 
2.21623092 
2.23267598 
2.24913969 
2.26563247 
2.28206364 
2.29859774 
2.31507493 
2.33152107 
2.34805641 
2.36455061 
2.38096837 
2.39749075 
2.41403295 
2.43055871 
2.44703891 
2.46350661 
2.48001937 
2.49647839 
2.51294340 
2.52950590 
2.54604499 
2.56253177 
2.57911244 
2.59561463 
2.61208244 
2.62857984 
2.64509445 
2.66158275 
2.67804674 
2.69451992 
2.71100197 
2.72750057 
2.74397972 
2.76043035 
2.77691172 
2.79339992 
2.80990792 
2.82641994 
2.84287869 
2.85943301 
2.87586494 
2.89235764 
2.90890707 
2.92539227 
2.94188173 
2.95840619 
2.97486376 
2.99134496 
3.00784436 
3.02431423 
3.04080117 
3.05731302 
3.07380359 
3.09026520 
3.10677282 
3.12329188 
3.13979697 
3.15630536 
3.17286797 
3.18933528 
3.20582915 
3.22229328 
3.23881289 
3.25532770 
3.27178315 
3.28829906 
3.30480373 
3.32130559 
3.33776731 
3.35426353 
3.37078632 
3.38733071 
3.40379826 
3.42028864 
3.43673827 
3.45323494 
3.46972673 
3.48621409 
3.50273170 
3.51926368 
3.53575103 
3.55229373 
3.56880967 
3.58531566 
3.60189824 
3.61838689 
3.63488101 
3.65137179 
3.66789590 
3.68434002 
3.70078416 
3.71730109 
3.73382022 
3.75035386 
3.76686854 
3.78333805 
3.79985749 
3.81637200 
3.83280909 
3.84930247 
3.86580755 
3.88231832 
3.89884458 
3.91530898 
3.93181532 
3.94834084 
3.96483527 
3.98132549 
3.99779999 
4.01430997 
4.03075092 
4.04724066 
4.06372312 
4.08022741 
4.09671224 
4.11318293 
4.12967782 
4.14611273 
4.16264392 
4.17921030 
4.19565979 
4.21215692 
4.22868675 
4.24514372 
4.26161682 
4.27810651 
4.29460257 
4.31115599 
4.32768470 
4.34422827 
4.36071499 
4.37719226 
4.39370631 
4.41020073 
4.42674266 
4.44328380 
4.45981444 
4.47635490 
4.49288570 
4.50939197 
4.52590807 
4.54240013 
4.55896016 
4.57546211 
4.59195296 
4.60839375 
4.62486789 
4.64141968 
4.65793727 
4.67444766 
4.69092386 
4.70742040 
4.72390120 
4.74039075 
4.75685930 
4.77329632 
4.78982182 
4.80640287 
4.82291367 
4.83940097 
4.85588185 
4.87240026 
4.88885948 
4.90533807 
4.92179702 
4.93830202 
4.95482726 
4.97136340 
4.98788137 
5.00437568 
5.02087491 
5.03736539 
5.05388840 
5.07036870 
5.08679741 
5.10326805 
5.11968895 
5.13593920 
5.15225435 
5.16842761 
5.18445793 
5.20039036 
5.21619995 
5.23180656 
5.24736195 
5.26264447 
5.27780852 
5.29279097 
5.30762570 
5.32233110 
5.33686502 
5.35119238 
5.36530628 
5.37918103 
5.39289263 
5.40639642 
5.41978205 
5.43291871 
5.44589540 
5.45861679 
5.47109115 
5.48337305 
5.49546065 
5.50730307 
5.51895602 
5.53042895 
5.54166011 
5.55271655 
5.56356226 
5.57416904 
5.58461469 
5.59480741 
5.60479140 
5.61458247 
5.62422710 
5.63359981 
5.64274887 
5.65174951 
5.66059026 
5.66922852 
5.67768464 
5.68592256 
5.69401761 
5.70195324 
5.70969329 
5.71720445 
5.72461328 
5.73176301 
5.73877219 
5.74566366 
5.75234448 
5.75889195 
5.76521916 
5.77149347 
5.77753338 
5.78344283 
5.78926243 
5.79491891 
5.80038587 
5.80570869 
5.81090285 
5.81594796 
5.82089897 
5.82571894 
5.83047127 
5.83502626 
5.83952794 
5.84387553 
5.84811404 
5.85219806 
5.85623527 
5.86010651 
5.86388281 
5.86752779 
5.87109216 
5.87460635 
5.87805482 
5.88139766 
5.88460433 
5.88781827 
5.89093014 
5.89395153 
5.89686322 
5.89966789 
5.89995260 
5.90047036 
5.90121402 
5.90218773 
5.90322988 
5.90441666 
5.90577761 
5.90729474 
5.90889447 
5.91056511 
5.91238345 
5.91432061 
5.91634826 
5.91847536 
5.92069092 
5.92300565 
5.92539466 
5.92785185 
5.93045191 
5.93315262 
5.93589678 
5.93879559 
5.94178258 
5.94485974 
5.94808421 
5.95138476 
5.95480217 
5.95834692 
5.96194998 
5.96580075 
5.96968156 
5.97366492 
5.97781818 
5.98213692 
5.98657374 
5.99109955 
5.99589497 
6.00074859 
6.00570595 
6.01083966 
6.01609491 
6.02145065 
6.02694520 
6.03248886 
6.03822013 
6.04399958 
6.04981819 
6.05574627 
6.06173457 
6.06778469 
6.07383554 
6.08002444 
6.08622450 
6.09247583 
6.09880995 
6.10510800 
6.11142077 
6.11775544 
6.12401478 
6.13033894 
6.13662871 
6.14286310 
6.14915085 
6.15538203 
6.16157976 
6.16770085 
6.17374563 
6.17978485 
6.18574682 
6.19167062 
6.19748787 
6.20310552 
6.20870051 
6.21423223 
6.21962745 
6.22490230 
6.23001495 
6.23500882 
6.23986891 
6.24455909 
6.24913420 
6.25348049 
6.25771846 
6.26182120 
6.26565895 
6.26924403 
6.27252910 
6.27547032 
6.27818175 
6.28063933 
6.28281003 
6.28476714 
6.28635676 
6.28771250 
6.28881878 
6.28965713 
6.29021900 
6.29044171 
6.29042570 
6.29009552 
6.28951672 
6.28866100 
6.28757588 
6.28611251 
6.28440018 
6.28242652 
6.28013467 
6.27762288 
6.27486558 
6.27180364 
6.26854722 
6.26491840 
6.26106957 
6.25691677 
6.25243145 
6.24772323 
6.24282084 
6.23771534 
6.23243832 
6.22707155 
6.22158207 
6.21599526 
6.21030255 
6.20449267 
6.19862276 
6.19261995 
6.18657991 
6.18047369 
6.17437858 
6.16822347 
6.16197170 
6.15576442 
6.14960736 
6.14335878 
6.13706807 
6.13086440 
6.12463616 
6.11848189 
6.11235913 
6.10621402 
6.10016154 
6.09408619 
6.08816110 
6.08229885 
6.07651200 
6.07078232 
6.06521572 
6.05971862 
6.05435488 
6.04912642 
6.04399047 
6.03897565 
6.03410270 
6.02949305 
6.02499311 
6.02070613 
6.01655424 
6.01260793 
6.00891446 
6.00533274 
6.00201304 
5.99895385 
5.99609548 
5.99360427 
5.99124579 
5.98920603 
5.98745896 
5.98597740 
5.98480519 
5.98399045 
5.98349576 
5.98325006 
5.98333488 
5.98374879 
5.98447847 
5.98544938 
5.98655417 
5.98783200 
5.98916468 
5.99059152 
5.99212044 
5.99376220 
5.99544168 
5.99720711 
5.99900020 
6.00081620 
6.00263508 
6.00453380 
6.00643009 
6.00831292 
6.01027207 
6.01220283 
6.01413839 
6.01593169 
6.01771472 
6.01944117 
6.02110447 
6.02270806 
6.02424397 
6.02564211 
6.02699061 
6.02829835 
6.02939124 
6.03048791 
6.03136867 
6.03214569 
6.03285145 
6.03329791 
6.03359934 
6.03371316 
6.03369455 
6.03340462 
6.03305836 
6.03255183 
6.03189734 
6.03120486 
6.03039928 
6.02957187 
6.02868104 
6.02772547 
6.02674691 
6.02577981 
6.02479153 
6.02384014 
6.02289878 
6.02196885 
6.02109028 
6.02024863 
6.01937826 
6.01849622 
6.01765039 
6.01692546 
6.01620702 
6.01547240 
6.01485276 
6.01414866 
6.01356686 
6.01303608 
6.01247510 
6.01197901 
6.01151998 
6.01113453 
6.01082023 
6.01045034 
6.01008564 
6.00975312 
6.00938440 
6.00911320 
6.00886116 
6.00865897 
6.00841771 
6.00815876 
6.00790209 
6.00774039 
6.00757029 
6.00737784 
6.00718470 
6.00698431 
6.00681620 
6.00664057 
6.00645900 
6.00628314 
6.00611688 
6.00604564 
6.00592826 
6.00580508 
6.00568841 
6.00560266 
6.00552413 
6.00541100 
6.00528799 
6.00520672 
6.00506405 
6.00493790 
6.00484072 
6.00469328 
6.00458255 
6.00446644 
6.00432821 
6.00425996 
6.00414074 
6.00402058 
6.00384933 
6.00369525 
6.00353586 
6.00344763 
6.00336234 
6.00323437 
6.00317150 
6.00303117 
6.00298335 
6.00291927 
6.00279368 
6.00270899 
6.00259035 
6.00247818 
6.00236125 
6.00224593 
6.00221092 
6.00213631 
6.00200152 
6.00188923 
6.00188224 
6.00179348 
6.00175473 
6.00167962 
6.00163194 
6.00164889 
6.00163746 
6.00156506 
6.00153850 
6.00152300 
6.00147187 
6.00140354 
6.00136827 
6.00137751 
6.00129392 
6.00130083 
6.00130407 
6.00122071 
6.00125742 
6.00119972 
6.00116645 
6.00113439 
6.00103527 
6.00099072 
6.00098989 
6.00100015 
6.00087891 
6.00060112 
6.00030120 
5.99984881 
5.99924681 
5.99860330 
5.99781590 
5.99685739 
5.99584478 
5.99458817 
5.99329207 
5.99188244 
5.99028634 
5.98858994 
5.98678115 
5.98478773 
5.98263938 
5.98032191 
5.97789357 
5.97527851 
5.97252073 
5.96965794 
5.96658923 
5.96328444 
5.95986545 
5.95621812 
5.95237627 
5.94834902 
5.94401925 
5.93953712 
5.93492120 
5.93016288 
5.92527926 
5.92025624 
5.91510471 
5.90977287 
5.90424048 
5.89854960 
5.89267558 
5.88662578 
5.88034974 
5.87386327 
5.86726524 
5.86046486 
5.85336434 
5.84610277 
5.83865035 
5.83096384 
5.82304037 
5.81487753 
5.80650982 
5.79791070 
5.78912986 
5.78003852 
5.77080237 
5.76130299 
5.75156016 
5.74161058 
5.73135336 
5.72089058 
5.71022348 
5.69924592 
5.68803120 
5.67658476 
5.66489378 
5.65291033 
5.64068794 
5.62823073 
5.61549373 
5.60253169 
5.58929365 
5.57579983 
5.56204079 
5.54812136 
5.53387280 
5.51939421 
5.50467631 
5.48963654 
5.47445016 
5.45902271 
5.44327973 
5.42734537 
5.41115713 
5.39469467 
5.37823081 
5.36171153 
5.34514732 
5.32850460 
5.31186417 
5.29515776 
5.27841497 
5.26169044 
5.24489995 
5.22809735 
5.21122261 
5.19442532 
5.17757514 
5.16076255 
5.14393887 
5.12712224 
5.11033337 
5.09361539 
5.07689182 
5.06016129 
5.04347317 
5.02681426 
5.01019553 
4.99363182 
4.97712514 
4.96068411 
4.94431967 
4.92803539 
4.91178272 
4.89561650 
4.87953244 
4.86346907 
4.84750282 
4.83158260 
4.81575509 
4.79998003 
4.78425660 
4.76859160 
4.75303482 
4.73745524 
4.72196795 
4.70653229 
4.69112131 
4.67572673 
4.66034335 
4.64498226 
4.62967881 
4.61431197 
4.59905828 
4.58370040 
4.56836799 
4.55303602 
4.53770650 
4.52236898 
4.50701329 
4.49160614 
4.47622680 
4.46076127 
4.44536797 
4.42989877 
4.41434779 
4.39878269 
4.38315990 
4.36751903 
4.35189267 
4.33618906 
4.32045206 
4.30459898 
4.28876314 
4.27289330 
4.25690424 
4.24088944 
4.22478965 
4.20862451 
4.19243774 
4.17621512 
4.15988286 
4.14345002 
4.12705042 
4.11057634 
4.09405224 
4.07746921 
4.06088870 
4.04419987 
4.02755135 
4.01084985 
3.99410268 
3.97740715 
3.96067898 
3.94393873 
3.92724774 
3.91064341 
3.89406374 
3.87755856 
3.86121345 
3.84494990 
3.82875348 
3.81269914 
3.79680122 
3.78103071 
3.76540671 
3.74996419 
3.73465907 
3.71951127 
3.70460962 
3.68973582 
3.67513680 
3.66070961 
3.64646808 
3.63236292 
3.61849209 
3.60487502 
3.59142280 
3.57811929 
3.56501628 
3.55213964 
3.53943865 
3.52695786 
3.51469642 
3.50265299 
3.49072841 
3.47910409 
3.46765382 
3.45648775 
3.44547865 
3.43468912 
3.42412260 
3.41371141 
3.40357107 
3.39355838 
3.38380035 
3.37418657 
3.36478137 
3.35552398 
3.34653572 
3.33766665 
3.32900411 
3.32053038 
3.31227913 
3.30422368 
3.29633299 
3.28864868 
3.28114296 
3.27376419 
3.26656014 
3.25960187 
3.25269806 
3.24603595 
3.23948872 
3.23312191 
3.22693297 
3.22089981 
3.21499620 
3.20922163 
3.20362826 
3.19812394 
3.19280801 
3.18755994 
3.18254975 
3.17759202 
3.17277173 
3.16806451 
3.16355489 
3.15914678 
3.15480870 
3.15064067 
3.14645628 
3.14243908 
3.13849858 
3.13468733 
3.13099655 
3.12737819 
3.12386215 
3.12044289 
3.11714444 
3.11396611 
3.11086542 
3.10783988 
3.10483501 
3.10192856 
3.09910290 
3.09884656 
3.09820761 
3.09736321 
3.09630993 
3.09500541 
3.09360390 
3.09206024 
3.09035756 
3.08844907 
3.08647798 
3.08443842 
3.08228971 
3.08001532 
3.07766826 
3.07532048 
3.07283337 
3.07025549 
3.06749288 
3.06471834 
3.06183546 
3.05884226 
3.05578620 
3.05259488 
3.04930454 
3.04589120 
3.04243987 
3.03886002 
3.03520299 
3.03141008 
3.02749317 
3.02346184 
3.01928451 
3.01505092 
3.01068164 
3.00610593 
3.00136501 
2.99654094 
2.99161052 
2.98653474 
2.98138624 
2.97617038 
2.97070245 
2.96515206 
2.95947288 
2.95373568 
2.94798173 
2.94213733 
2.93620031 
2.93014318 
2.92403924 
2.91790263 
2.91170328 
2.90550199 
2.89922473 
2.89294152 
2.88670378 
2.88046503 
2.87417439 
2.86789021 
2.86160417 
2.85533740 
2.84911881 
2.84289225 
2.83672182 
2.83066055 
2.82460454 
2.81859068 
2.81266744 
2.80679772 
2.80098085 
2.79527332 
2.78967099 
2.78425822 
2.77879463 
2.77350769 
2.76836288 
2.76339542 
2.75851925 
2.75375608 
2.74920320 
2.74475204 
2.74050363 
2.73639859 
2.73257805 
2.72895550 
2.72562216 
2.72253942 
2.71971141 
2.71722495 
2.71495577 
2.71300312 
2.71130421 
2.70987919 
2.70873998 
2.70782859 
2.70722525 
2.70696046 
2.70690314 
2.70715472 
2.70774977 
2.70857206 
2.70964416 
2.71098172 
2.71263854 
2.71459795 
2.71685462 
2.71931003 
2.72205269 
2.72511340 
2.72844070 
2.73199236 
2.73583481 
2.73992936 
2.74431172 
2.74893955 
2.75380670 
2.75890559 
2.76408223 
2.76940796 
2.77490666 
2.78048679 
2.78619317 
2.79195465 
2.79788698 
2.80385166 
2.80985783 
2.81592244 
2.82204801 
2.82823537 
2.83446914 
2.84072264 
2.84696558 
2.85320312 
2.85945916 
2.86572129 
2.87193008 
2.87817932 
2.88442100 
2.89057584 
2.89670175 
2.90274617 
2.90872503 
2.91465467 
2.92057873 
2.92629419 
2.93193681 
2.93748431 
2.94290741 
2.94821371 
2.95342331 
2.95838877 
2.96328906 
2.96799036 
2.97251101 
2.97693953 
2.98116751 
2.98515929 
2.98900094 
2.99257398 
2.99599558 
2.99910905 
3.00205029 
3.00470622 
3.00720951 
3.00935630 
3.01122688 
3.01280408 
3.01407321 
3.01504147 
3.01563277 
3.01592515 
3.01591121 
3.01550135 
3.01485225 
3.01390535 
3.01280760 
3.01157947 
3.01023560 
3.00882382 
3.00725997 
3.00568682 
3.00395733 
3.00220615 
3.00032770 
2.99839382 
2.99655800 
2.99458362 
2.99261396 
2.99061258 
2.98866577 
2.98664467 
2.98465841 
2.98271791 
2.98082381 
2.97893965 
2.97711052 
2.97530694 
2.97364978 
2.97209304 
2.97058159 
2.96911501 
2.96780778 
2.96658040 
2.96551713 
2.96454433 
2.96376973 
2.96311344 
2.96259066 
2.96227492 
2.96214050 
2.96216043 
2.96237011 
2.96276500 
2.96334422 
2.96404819 
2.96482420 
2.96571065 
2.96670078 
2.96776184 
2.96888982 
2.97001781 
2.97111820 
2.97225680 
2.97337077 
2.97444824 
2.97551227 
2.97655561 
2.97750453 
2.97838888 
2.97920093 
2.98006684 
2.98082015 
2.98151795 
2.98214337 
2.98277416 
2.98334537 
2.98381069 
2.98424368 
2.98467741 
2.98505966 
2.98541065 
2.98569482 
2.98592907 
2.98615030 
2.98633570 
2.98657293 
2.98674024 
2.98697382 
2.98708559 
2.98724307 
2.98736883 
2.98747983 
2.98755071 
2.98769700 
2.98786478 
2.98796131 
2.98813732 
2.98827541 
2.98838417 
2.98858249 
2.98872207 
2.98884222 
2.98897150 
2.98911492 
2.98925568 
2.98931572 
2.98951404 
2.98973070 
2.98992027 
2.99008806 
2.99028450 
2.99043670 
2.99058412 
2.99079464 
2.99100953 
2.99117934 
2.99126090 
2.99144447 
2.99156180 
2.99167990 
2.99185302 
2.99198684 
2.99219982 
2.99240186 
2.99255628 
2.99276722 
2.99294193 
2.99310017 
2.99324827 
2.99333443 
2.99344807 
2.99358920 
2.99364389 
2.99381330 
2.99389835 
2.99402619 
2.99411668 
2.99421122 
2.99433868 
2.99444279 
2.99453033 
2.99460262 
2.99469057 
2.99486120 
2.99498008 
2.99514436 
2.99526513 
2.99536594 
2.99546563 
2.99554393 
2.99557507 
2.99564512 
2.99568903 
2.99574566 
2.99582635 
2.99595797 
2.99605814 
2.99611105 
2.99622639 
2.99631064 
2.99643949 
2.99647805 
2.99652925 
2.99661404 
2.99669444 
2.99678202 
2.99684763 
2.99688927 
2.99691780 
2.99699968 
2.99712860 
2.99721565 
2.99726266 
2.99730648 
2.99740599 
2.99744413 
2.99754363 
2.99755506 
2.99763602 
2.99774672 
2.99780074 
2.99782578 
2.99789029 
2.99795102 
2.99798795 
2.99794954 
2.99795525 
2.99799952 
2.99807663 
2.99809274 
2.99815286 
2.99820607 
2.99825565 
2.99826356 
2.99830844 
2.99834409 
2.99838890 
2.99844137 
2.99843828 
2.99851460 
2.99849276 
2.99853520 
2.99856340 
2.99866048 
2.99868600 
2.99873298 
2.99872203 
2.99878844 
2.99883812 
2.99886531 
2.99886223 
2.99892514 
2.99897486 
2.99900222 
2.99905328 
2.99905247 
2.99903932 
2.99912790 
2.99919088 
2.99924266 
2.99929424 
2.99928006 
2.99934119 
2.99939705 
2.99934311 
2.99933029 
2.99929569 
2.99929629 
2.99934632 
2.99935947 
2.99937075 
2.99942539 
2.99940173 
2.99948973 
2.99957601 
2.99959638 
2.99959243 
2.99963381 
2.99960119 
2.99959753 
2.99967524 
2.99968394 
2.99976618 
2.99983746 
2.99985999 
2.99984054 
2.99985235 
2.99992882 
2.99987963 
2.99984570 
2.99981219 
2.99980446 
2.99977514 
2.99981010 
2.99979126 
2.99982055 
2.99986030 
2.99981475 
2.99981458 
2.99981299 
2.99979962 
2.99980845 
2.99983293 
2.99993599 
2.99988820 
2.99991075 
2.99992521 
2.99992453 
2.99990686 
2.99988227 
2.99988448 
2.99985726 
2.99984399 
2.99983432 
2.99985513 
2.99982887 
2.99986068 
2.99988861 
2.99990794 
2.99993981 
2.99996884 
3.00004158 
3.00010632 
3.00014303 
3.00015651 
3.00020139 
3.00020939 
3.00020763 
3.00017139 
3.00022039 
3.00025305 
3.00028536 
3.00032482 
3.00038116 
3.00037518 
3.00041860 
3.00035749 
3.00031604 
3.00035347 
3.00032477 
3.00027459 
3.00022255 
3.00023542 
3.00022458 
3.00024340 
3.00024481 
3.00028454 
3.00025867 
3.00032487 
3.00035732 
3.00040639 
3.00039068 
3.00038835 
3.00028237 
3.00029873 
3.00032529 
3.00036257 
3.00034342 
3.00036438 
3.00043239 
3.00043824 
3.00048423 
3.00052808 
3.00055278 
3.00055707 
3.00059127 
3.00055173 
3.00057749 
3.00065074 
3.00061626 
3.00062263 
3.00058547 
3.00057860 
3.00057747 
3.00052068 
3.00055709 
3.00061621 
3.00062645 
3.00062548 
3.00059761 
3.00056382 
3.00054739 
3.00060585 
3.00057639 
3.00061065 
3.00063123 
3.00066028 
3.00064887 
3.00059476 
3.00063020 
3.00057321 
3.00060028 
3.00059841 
3.00070057 
3.00070733 
3.00064096 
3.00064188 
3.00063550 
3.00065373 
3.00065237 
3.00064980 
3.00067954 
3.00067610 
3.00068698 
3.00075128 
3.00071851 
3.00066026 
3.00071992 
3.00073171 
3.00073751 
3.00078689 
3.00077820 
3.00074884 
3.00079571 
3.00079208 
3.00082654 
3.00079579 
3.00075574 
3.00073328 
3.00073238 
3.00069202 
3.00067750 
3.00064661 
3.00065786 
3.00069292 
3.00069003 
3.00069957 
3.00074305 
3.00075068 
3.00068292 
3.00068518 
3.00071595 
3.00072117 
3.00070426 
3.00079142 
3.00076861 
3.00078074 
3.00079729 
3.00080973 
3.00081708 
3.00075547 
3.00073644 
3.00073632 
3.00077587 
3.00083207 
3.00080644 
3.00078365 
3.00075738 
3.00074123 
3.00077125 
3.00061403 
3.00037240 
3.00008081 
2.99961710 
2.99903416 
2.99835365 
2.99756152 
2.99663499 
2.99560277 
2.99449247 
2.99327370 
2.99191660 
2.99036335 
2.98866385 
2.98682614 
2.98488588 
2.98282210 
2.98064771 
2.97831574 
2.97577593 
2.97314185 
2.97032845 
2.96730174 
2.96408954 
2.96069564 
2.95718124 
2.95348940 
2.94953022 
2.94540343 
2.94106957 
2.93654102 
2.93181827 
2.92702861 
2.92210794 
2.91705260 
2.91182322 
2.90645496 
2.90089697 
2.89514806 
2.88919376 
2.88310554 
2.87684390 
2.87033912 
2.86363343 
2.85676831 
2.84964989 
2.84230576 
2.83479471 
2.82703403 
2.81912711 
2.81092354 
2.80250459 
2.79387873 
2.78502044 
2.77592707 
2.76658320 
2.75698807 
2.74716212 
2.73709363 
2.72682593 
2.71631957 
2.70554169 
2.69448102 
2.68325520 
2.67175464 
2.65995832 
2.64793091 
2.63563045 
2.62307000 
2.61028141 
2.59721858 
2.58389713 
2.57040706 
2.55660800 
2.54259932 
2.52826908 
2.51369976 
2.49884944 
2.48382339 
2.46849599 
2.45294866 
2.43714468 
2.42106692 
2.40479370 
2.38838857 
2.37183565 
2.35523465 
2.33870007 
2.32202205 
2.30538119 
2.28865175 
2.27188890 
2.25509391 
2.23832127 
2.22157412 
2.20480832 
2.18793669 
2.17110962 
2.15426064 
2.13745290 
2.12063082 
2.10385152 
2.08708913 
2.07031895 
2.05361818 
2.03701671 
2.02041662 
2.00380564 
1.98727881 
1.97074336 
1.95433189 
1.93795830 
1.92168390 
1.90547486 
1.88929686 
1.87318465 
1.85718680 
1.84128154 
1.82536109 
1.80950558 
1.79375522 
1.77809956 
1.76240944 
1.74679181 
1.73124015 
1.71571424 
1.70025619 
1.68474620 
1.66932250 
1.65387684 
1.63853047 
1.62317474 
1.60786738 
1.59255489 
1.57728155 
1.56188020 
1.54658696 
1.53125936 
1.51589639 
1.50052497 
1.48519705 
1.46981159 
1.45449084 
1.43905807 
1.42358264 
1.40806723 
1.39250379 
1.37694849 
1.36129701 
1.34561138 
1.32983893 
1.31405114 
1.29821669 
1.28232685 
1.26637428 
1.25039752 
1.23436490 
1.21825215 
1.20207027 
1.18589540 
1.16962857 
1.15333588 
1.13694981 
1.12049140 
1.10396646 
1.08739909 
1.07082670 
1.05417570 
1.03747915 
1.02082756 
1.00406985 
0.98734038 
0.97065186 
0.95392537 
0.93724661 
0.92060945 
0.90396365 
0.88743399 
0.87100812 
0.85464939 
0.83839022 
0.82223221 
0.80624552 
0.79036040 
0.77463474 
0.75906512 
0.74362587 
0.72840278 
0.71332768 
0.69838187 
0.68361629 
0.66907810 
0.65473592 
0.64057843 
0.62663894 
0.61283550 
0.59918375 
0.58579753 
0.57255974 
0.55950972 
0.54670983 
0.53413303 
0.52168783 
0.50950034 
0.49751814 
0.48576444 
0.47421866 
0.46284327 
0.45169676 
0.44073930 
0.42999949 
0.41944952 
0.40911943 
0.39899514 
0.38910550 
0.37938809 
0.36987565 
0.36057844 
0.35144441 
0.34254287 
0.33383806 
0.32532483 
0.31697374 
0.30876560 
0.30082080 
0.29308423 
0.28548500 
0.27798454 
0.27073378 
0.26363380 
0.25668942 
0.24994606 
0.24335665 
0.23687014 
0.23053276 
0.22440577 
0.21842236 
0.21255805 
0.20688856 
0.20129138 
0.19587501 
0.19062606 
0.18546213 
0.18045196 
0.17558022 
0.17080379 
0.16615267 
0.16156190 
0.15718964 
0.15287783 
0.14874919 
0.14466880 
0.14068839 
0.13670965 
0.13294904 
0.12935243 
0.12578700 
0.12234642 
0.11905339 
0.11578036 
0.11257416 
0.10949116 
0.10647812 
0.10354827 
0.10067821 
0.09788562 
0.09755825 
0.09698508 
0.09611799 
0.09513815 
0.09396001 
0.09254691 
0.09105416 
0.08940598 
0.08762898 
0.08576685 
0.08380536 
0.08168674 
0.07949037 
0.07718236 
0.07480386 
0.07229776 
0.06969935 
0.06695584 
0.06413947 
0.06130328 
0.05832599 
0.05534480 
0.05223677 
0.04899901 
0.04572796 
0.04224465 
0.03864423 
0.03498704 
0.03124167 
0.02735904 
0.02337577 
0.01926680 
0.01499216 
0.01056171 
0.00605383 
0.00138928 
-0.00340754 
-0.00833619 
-0.01341049 
-0.01861706 
-0.02393580 
-0.02933507 
-0.03489224 
-0.04049016 
-0.04618536 
-0.05193951 
-0.05787117 
-0.06382924 
-0.06988122 
-0.07596977 
-0.08211383 
-0.08827288 
-0.09451272 
-0.10069155 
-0.10695124 
-0.11325720 
-0.11955535 
-0.12581868 
-0.13208696 
-0.13832699 
-0.14459952 
-0.15079324 
-0.15699482 
-0.16316318 
-0.16925336 
-0.17529149 
-0.18127976 
-0.18713607 
-0.19299601 
-0.19873823 
-0.20444052 
-0.21002260 
-0.21550466 
-0.22084184 
-0.22606372 
-0.23122894 
-0.23618863 
-0.24108483 
-0.24576912 
-0.25037118 
-0.25471028 
-0.25890506 
-0.26298379 
-0.26684639 
-0.27047461 
-0.27378114 
-0.27686052 
-0.27965018 
-0.28221261 
-0.28445552 
-0.28640741 
-0.28813751 
-0.28957593 
-0.29066499 
-0.29153638 
-0.29214234 
-0.29249317 
-0.29254949 
-0.29236737 
-0.29184534 
-0.29106836 
-0.29001814 
-0.28870162 
-0.28703928 
-0.28519131 
-0.28301624 
-0.28057784 
-0.27785020 
-0.27481542 
-0.27153065 
-0.26802360 
-0.26414734 
-0.26007510 
-0.25571944 
-0.25111840 
-0.24630868 
-0.24122628 
-0.23594229 
-0.23059747 
-0.22513208 
-0.21952934 
-0.21389215 
-0.20813164 
-0.20223952 
-0.19631114 
-0.19028514 
-0.18415314 
-0.17803918 
-0.17190475 
-0.16570946 
-0.15950354 
-0.15321687 
-0.14695728 
-0.14069443 
-0.13439809 
-0.12821813 
-0.12196985 
-0.11581213 
-0.10967870 
-0.10355819 
-0.09749733 
-0.09148451 
-0.08558135 
-0.07973823 
-0.07400028 
-0.06831201 
-0.06273643 
-0.05732003 
-0.05205245 
-0.04687025 
-0.04180592 
-0.03692816 
-0.03220986 
-0.02765119 
-0.02322997 
-0.01901405 
-0.01498921 
-0.01110266 
-0.00750746 
-0.00416681 
-0.00095348 
0.00193976 
0.00459011 
0.00697750 
0.00914049 
0.01101274 
0.01255860 
0.01383779 
0.01478487 
0.01547676 
0.01580178 
0.01576644 
0.01545633 
0.01480863 
0.01396437 
0.01293551 
0.01170964 
0.01038017 
0.00896848 
0.00748461 
0.00595312 
0.00431216 
0.00255270 
0.00084781 
-0.00094265 
-0.00286052 
-0.00474565 
-0.00666058 
-0.00856264 
-0.01042688 
-0.01233935 
-0.01416400 
-0.01607030 
-0.01786568 
-0.01958366 
-0.02131034 
-0.02295111 
-0.02450310 
-0.02596378 
-0.02743720 
-0.02876129 
-0.02992520 
-0.03098307 
-0.03186029 
-0.03265505 
-0.03335416 
-0.03385890 
-0.03426340 
-0.03448322 
-0.03449673 
-0.03433374 
-0.03402547 
-0.03355217 
-0.03298431 
-0.03230636 
-0.03151401 
-0.03070288 
-0.02977310 
-0.02887127 
-0.02797770 
-0.02699432 
-0.02594423 
-0.02495550 
-0.02401051 
-0.02312734 
-0.02218657 
-0.02123396 
-0.02036842 
-0.01958385 
-0.01881901 
-0.01806788 
-0.01735842 
-0.01662551 
-0.01596595 
-0.01537464 
-0.01477734 
-0.01418233 
-0.01366248 
-0.01322885 
-0.01271170 
-0.01222012 
-0.01184405 
-0.01152023 
-0.01114519 
-0.01079377 
-0.01048343 
-0.01015549 
-0.00991238 
-0.00956985 
-0.00938053 
-0.00914365 
-0.00888712 
-0.00865168 
-0.00840380 
-0.00822549 
-0.00796390 
-0.00776251 
-0.00760390 
-0.00746885 
-0.00729131 
-0.00712597 
-0.00693153 
-0.00674856 
-0.00660082 
-0.00654244 
-0.00640428 
-0.00628851 
-0.00618081 
-0.00599175 
-0.00587272 
-0.00575393 
-0.00568304 
-0.00557806 
-0.00546537 
-0.00536723 
-0.00521635 
-0.00512713 
-0.00501867 
-0.00495218 
-0.00486173 
-0.00475717 
-0.00465974 
-0.00456343 
-0.00451637 
-0.00440346 
-0.00421680 
-0.00409190 
-0.00395367 
-0.00390151 
-0.00381925 
-0.00378044 
-0.00369055 
-0.00371015 
-0.00361420 
-0.00351175 
-0.00341685 
-0.00343629 
-0.00333081 
-0.00322141 
-0.00313820 
-0.00309964 
-0.00302632 
-0.00295078 
-0.00293405 
-0.00288928 
-0.00281914 
-0.00275618 
-0.00270667 
-0.00263784 
-0.00260060 
-0.00251327 
-0.00245578 
-0.00239622 
-0.00229966 
-0.00221443 
-0.00209407 
-0.00204630 
-0.00200061 
-0.00198386 
-0.00200499 
-0.00197740 
-0.00195078 
-0.00190691 
-0.00185007 
-0.00183193 
-0.00181045 
-0.00180608 
